stop_id,route_id,avg_time
1.111,1,54.083333333333336
1.112,1,49.65
1.113,1,44.28333333333333
1.1136,1,6.45
1.1137,1,4.15
1.1138,1,1.3666666666666667
1.1139,1,4.466666666666667
1.114,1,40.68333333333333
1.1140,1,6.45
1.115,1,37.38333333333333
1.116,1,33.916666666666664
1.117,1,30.716666666666665
1.118,1,25.75
1.119,1,22.25
1.120,1,19.216666666666665
1.121,1,16.45
1.122,1,13.383333333333333
1.123,1,9.98333333333333
1.124,1,6.916666666666668
1.125,1,3.583333333333332
1.126,1,0.8166666666666664
1.127,1,2.3166666666666664
1.128,1,5.816666666666666
1.129,1,8.716666666666665
1.130,1,13.183333333333334
1.131,1,17.616666666666667
1.132,1,21.249999999999996
1.133,1,24.98333333333333
1.134,1,29.35
1.135,1,34.78333333333333
1.136,1,38.68333333333333
1.137,1,42.516666666666666
1.138,1,45.68333333333333
1.139,1,49.583333333333336
1.140,1,54.083333333333336
1.210,1,33.5
1.211,1,29.416666666666664
1.212,1,26.200000000000003
1.213,1,22.633333333333333
1.214,1,18.266666666666666
1.215,1,13.966666666666667
1.216,1,10.85
1.217,1,5.399999999999999
1.218,1,2.3999999999999986
1.219,1,2.200000000000001
1.220,1,5.633333333333333
1.221,1,9.533333333333333
1.222,1,13.600000000000001
1.223,1,17.81666666666667
1.224,1,22.75
1.225,1,26.266666666666666
1.226,1,29.5
1.227,1,33.5
1.314,1,47.35
1.315,1,43.78333333333334
1.316,1,40.25
1.317,1,36.516666666666666
1.318,1,33.0
1.319,1,29.98333333333333
1.320,1,26.95
1.321,1,23.31666666666667
1.322,1,19.45
1.323,1,15.516666666666667
1.324,1,12.05
1.325,1,8.55
1.326,1,5.149999999999999
1.327,1,1.2666666666666657
1.328,1,2.3166666666666664
1.329,1,6.816666666666666
1.330,1,9.716666666666669
1.331,1,14.149999999999999
1.332,1,18.249999999999996
1.333,1,22.416666666666664
1.334,1,25.916666666666664
1.335,1,29.416666666666664
1.336,1,33.550000000000004
1.337,1,38.15
1.338,1,43.28333333333334
1.339,1,47.35
1.413,1,42.68333333333333
1.414,1,39.31666666666667
1.415,1,35.46666666666667
1.416,1,32.43333333333334
1.417,1,28.4
1.418,1,24.733333333333334
1.419,1,21.083333333333332
1.420,1,17.4
1.421,1,11.966666666666665
1.422,1,7.483333333333331
1.423,1,3.783333333333335
1.424,1,0.40000000000000213
1.425,1,2.9333333333333336
1.426,1,6.566666666666666
1.427,1,10.583333333333332
1.428,1,14.816666666666666
1.429,1,18.783333333333335
1.430,1,22.8
1.431,1,27.18333333333333
1.432,1,34.516666666666666
1.433,1,38.916666666666664
1.434,1,42.68333333333333
1.509,1,48.78333333333333
1.510,1,44.71666666666667
1.511,1,40.61666666666667
1.512,1,36.88333333333333
1.513,1,32.55
1.514,1,28.450000000000003
1.515,1,23.28333333333333
1.516,1,19.566666666666663
1.517,1,15.983333333333334
1.518,1,12.383333333333333
1.519,1,8.7
1.520,1,5.133333333333333
1.521,1,0.5833333333333321
1.522,1,3.8166666666666664
1.523,1,7.816666666666666
1.524,1,12.116666666666667
1.525,1,15.75
1.526,1,20.116666666666667
1.527,1,23.483333333333334
1.528,1,26.35
1.529,1,29.516666666666666
1.530,1,33.05
1.531,1,36.75
1.532,1,41.05
1.533,1,45.31666666666666
1.534,1,48.78333333333333
1.901,1,31.466666666666665
1.903,1,21.933333333333334
1.904,1,18.416666666666668
1.905,1,13.233333333333334
1.906,1,9.666666666666666
1.907,1,5.816666666666666
1.909,1,0.16666666666666607
1.910,1,4.433333333333332
1.911,1,9.683333333333334
1.912,1,14.55
1.913,1,17.45
1.914,1,20.48333333333333
1.915,1,24.25
1.916,1,27.566666666666666
1.918,1,31.466666666666665
1.930,1,13.6
1.932,1,5.9833333333333325
1.933,1,5.983333333333334
1.934,1,5.566666666666667
1.935,1,9.25
1.936,1,13.6
1.940,1,0.6500000000000004
1.941,1,2.8499999999999996
1.942,1,7.1499999999999995
1.943,1,10.633333333333333
1.944,1,14.650000000000002
1.945,1,19.55
1.9901,7,1.9166666666666665
1.9902,7,1.9166666666666665
2.1,3,4.7999999999999545
2.100,3,7.599999999999909
2.1000,3,1.9500000000000455
2.1001,3,2.0
2.1002,3,4.0
2.1003,3,1.0
2.1004,3,0.8500000000000227
2.1005,3,3.3999999999999773
2.1006,3,1.3999999999999773
2.1007,3,9.333333333333485
2.1008,3,0.9499999999999318
2.1009,3,8.0
2.1010,3,8.0
2.1011,3,2.0
2.1017,3,3.0
2.1018,3,6.366666666666674
2.1019,3,0.900000000000091
2.1020,3,0.6666666666667425
2.1021,3,11.0
2.1022,3,1.466666666666697
2.1023,3,8.783333333333417
2.1024,3,8.0
2.1025,3,10.333333333333371
2.1028,3,1.716666666666697
2.103,3,2.25
2.1030,3,5.0
2.1033,3,3.1166666666666742
2.1034,3,7.0
2.1035,3,2.6666666666666288
2.1036,3,3.1333333333334394
2.1037,3,0.933333333333394
2.1039,3,1.1666666666666288
2.1040,3,1.1000000000001364
2.1042,3,4.400000000000091
2.1043,3,3.0
2.1044,3,3.283333333333303
2.1045,3,1.5166666666666515
2.1046,3,1.5666666666667197
2.1047,3,3.8333333333332575
2.1048,3,4.0
2.105,3,1.6666666666667425
2.1051,3,5.2999999999999545
2.1052,3,3.0
2.1053,3,3.0
2.1054,3,3.25
2.1057,3,30.0
2.1058,3,1.199999999999818
2.1059,3,5.866666666666561
2.106,3,1.6000000000000227
2.1061,3,0.900000000000091
2.1062,3,2.0
2.1063,3,6.0
2.1064,3,3.0
2.1065,3,9.0
2.1066,3,3.3333333333333712
2.1069,3,0.8000000000001819
2.1070,3,0.7833333333334167
2.1071,3,3.0
2.1072,3,0.8333333333333712
2.1074,3,9.399999999999977
2.1075,3,0.783333333333303
2.1076,3,0.7333333333333485
2.1078,3,4.0
2.1079,3,2.0
2.108,3,0.7999999999999545
2.1080,3,1.0
2.1081,3,1.0
2.1082,3,4.0
2.1086,3,2.0
2.1088,3,2.0
2.1089,3,1.0
2.109,3,1.25
2.1090,3,3.0
2.1092,3,4.0
2.1095,3,1.0
2.1098,3,0.5833333333332575
2.1099,3,2.0
2.110,3,2.2000000000000455
2.1101,3,15.0
2.1102,3,9.566666666666606
2.1103,3,0.8000000000000682
2.1104,3,2.8666666666665606
2.1107,3,6.0
2.1108,3,3.6666666666666288
2.1109,3,2.0
2.111,3,3.7333333333333485
2.1111,3,2.0499999999999545
2.1113,3,2.2999999999999545
2.1116,3,1.0
2.1117,3,1.0
2.1118,3,1.8666666666666742
2.1119,3,2.0
2.112,3,4.25
2.1120,3,2.6666666666666288
2.1122,3,1.0
2.1123,3,1.75
2.1124,3,0.5
2.1127,3,1.3333333333333712
2.1128,3,3.0
2.1129,3,1.5833333333333712
2.113,3,4.2333333333333485
2.1130,3,2.75
2.1131,3,4.0
2.1133,3,20.0
2.1135,3,5.0
2.1136,3,0.7999999999999545
2.1137,3,3.199999999999932
2.1138,3,2.3999999999998636
2.114,3,4.25
2.1140,3,1.7000000000000455
2.1141,3,2.0
2.1142,3,2.0
2.1143,3,2.0
2.1144,3,2.0
2.1145,3,5.0
2.1146,3,2.0
2.1147,3,1.0
2.1148,3,1.2333333333333485
2.115,3,3.8166666666667197
2.1150,3,4.0
2.1153,3,2.3999999999999773
2.1155,3,2.5
2.1156,3,9.0
2.1157,3,8.5
2.1158,3,1.5833333333333712
2.1159,3,1.6666666666667425
2.116,3,3.8333333333333712
2.1161,3,4.0
2.1163,3,1.6666666666667425
2.1164,3,1.0
2.1166,3,3.0
2.1167,3,2.5499999999999545
2.1168,3,2.3666666666666742
2.117,3,4.166666666666629
2.1171,3,3.7000000000000455
2.1172,3,1.3333333333332575
2.1173,3,0.8999999999999773
2.1174,3,2.6333333333334394
2.1176,3,1.8333333333332575
2.1178,3,4.0
2.118,3,1.8333333333333712
2.1180,3,1.5
2.1181,3,1.5
2.1185,3,0.7166666666664696
2.1187,3,2.6166666666666742
2.1188,3,1.7999999999999545
2.119,3,3.8000000000000114
2.1190,3,3.75
2.1191,3,7.666666666666629
2.1193,3,4.0
2.1194,3,3.6666666666667425
2.1195,3,2.0
2.1196,3,2.2000000000000455
2.1197,3,3.3333333333333144
2.1198,3,3.0
2.1199,3,2.7666666666666515
2.12,3,14.166666666666742
2.120,3,1.6166666666666742
2.1200,3,3.6000000000001364
2.1201,3,3.800000000000068
2.1202,3,3.3999999999998636
2.1203,3,7.5
2.1204,3,4.0
2.1205,3,3.6666666666667425
2.1206,3,4.2666666666666515
2.1207,3,4.0
2.1208,3,4.0
2.1209,3,0.75
2.121,3,3.0
2.1210,3,1.0
2.1211,3,3.0
2.1212,3,3.1166666666666742
2.1213,3,9.0
2.1214,3,1.75
2.1215,3,1.783333333333303
2.1216,3,1.6166666666666742
2.1217,3,2.0
2.1218,3,1.5500000000000682
2.1219,3,1.5666666666667197
2.122,3,1.1333333333333258
2.1220,3,1.6833333333333371
2.1221,3,1.7666666666666515
2.1222,3,1.8166666666667197
2.1223,3,1.7000000000000455
2.1224,3,1.1166666666666742
2.1225,3,1.3333333333333712
2.1226,3,1.6000000000000227
2.1227,3,1.0
2.1228,3,1.25
2.1229,3,5.583333333333371
2.123,3,0.933333333333394
2.1230,3,1.0
2.1232,3,0.6666666666667425
2.1233,3,3.716666666666697
2.1234,3,3.716666666666697
2.1235,3,2.0
2.1236,3,3.0
2.1237,3,3.0
2.1238,3,30.0
2.1239,3,6.0
2.1240,3,4.0
2.1242,3,3.3333333333333712
2.1243,3,4.816666666666606
2.1244,3,4.816666666666606
2.1246,3,0.933333333333394
2.1247,3,3.6666666666667425
2.1248,3,4.0
2.125,3,0.7666666666666515
2.1252,3,0.9500000000000455
2.1253,3,0.783333333333303
2.1254,3,2.0
2.1255,3,3.6666666666666288
2.1257,3,3.0
2.1258,3,1.5666666666667197
2.1259,3,1.0
2.126,3,3.550000000000068
2.1260,3,1.0
2.1261,3,1.0
2.1262,3,1.0
2.1263,3,2.0833333333332575
2.1264,3,1.6666666666666288
2.1265,3,5.666666666666686
2.1266,3,4.0
2.1267,3,4.0
2.1268,3,1.1333333333333258
2.127,3,1.7000000000000455
2.1271,3,4.0
2.1273,3,9.100000000000023
2.1274,3,3.1166666666666742
2.1278,3,1.2666666666666515
2.1279,3,8.0
2.128,3,14.0
2.1281,3,3.0
2.1282,3,1.0
2.1283,3,1.0
2.1284,3,0.9833333333333485
2.1285,3,3.0
2.1289,3,1.566666666666606
2.129,3,4.0
2.1290,3,1.6499999999999773
2.1295,3,1.4333333333332803
2.1296,3,1.6666666666666288
2.1297,3,0.783333333333303
2.1298,3,1.0
2.1299,3,1.4500000000000455
2.13,3,5.28333333333353
2.130,3,1.5
2.1300,3,3.0
2.1301,3,3.0
2.1302,3,5.0
2.1305,3,0.8833333333332121
2.1306,3,3.7166666666665833
2.1307,3,6.0
2.1310,3,0.6666666666666288
2.1311,3,4.0
2.1313,3,4.0
2.1314,3,4.566666666666606
2.1315,3,4.850000000000023
2.1316,3,1.1000000000000227
2.1318,3,0.783333333333303
2.1319,3,1.0
2.1321,3,7.0
2.1323,3,1.0
2.1324,3,3.0
2.1325,3,1.4499999999999318
2.1326,3,1.0
2.1327,3,1.6333333333334394
2.1328,3,0.8833333333333258
2.1329,3,4.883333333333326
2.133,3,1.75
2.1332,3,4.0
2.1335,3,3.0
2.1336,3,14.0
2.1338,3,4.333333333333314
2.1339,3,2.3999999999999773
2.134,3,2.0
2.1340,3,2.5
2.1341,3,2.6499999999999773
2.1342,3,1.800000000000182
2.1344,3,1.0
2.1345,3,0.8833333333333258
2.1347,3,90.0
2.1348,3,90.0
2.1349,3,2.75
2.1350,3,2.816666666666606
2.1351,3,2.3000000000000114
2.1352,3,2.3333333333332575
2.1353,3,2.5
2.1354,3,3.0
2.1358,3,2.5
2.136,3,1.0
2.1360,3,1.3333333333333712
2.1361,3,3.0
2.1362,3,4.5
2.1363,3,4.5
2.1364,3,1.5
2.1365,3,2.0
2.1366,3,0.5833333333332575
2.1367,3,2.716666666666697
2.1368,3,5.849999999999909
2.1369,3,6.0
2.137,3,1.0
2.1370,3,3.5
2.1372,3,0.6666666666667425
2.1373,3,0.9166666666667425
2.1374,3,3.599999999999909
2.1376,3,1.0
2.1377,3,2.3166666666667197
2.1378,3,0.8333333333333144
2.1379,3,4.399999999999977
2.138,3,1.7000000000000455
2.1380,3,1.5
2.1381,3,3.6499999999999773
2.1382,3,1.75
2.1383,3,4.400000000000091
2.1384,3,4.099999999999909
2.1385,3,4.75
2.1386,3,3.0
2.1387,3,1.0
2.1388,3,2.3333333333332575
2.1389,3,4.0
2.139,3,1.75
2.1390,3,1.0
2.1391,3,1.0
2.1392,3,3.1999999999999886
2.1393,3,3.199999999999932
2.1394,3,2.75
2.1395,3,2.1666666666666288
2.1396,3,2.0
2.1397,3,4.0
2.140,3,2.0
2.1400,3,30.0
2.1402,3,8.283333333333417
2.1403,3,2.7166666666664696
2.1404,3,3.7999999999999545
2.1405,3,1.6000000000000227
2.1407,3,4.25
2.1408,3,2.1666666666667425
2.1409,3,3.0
2.1410,3,4.5
2.1411,3,1.75
2.1412,3,3.7666666666666515
2.1413,3,1.6666666666666288
2.1414,3,1.5
2.1418,3,4.099999999999909
2.1419,3,12.0
2.1420,3,3.2833333333334167
2.1424,3,8.0
2.1425,3,0.75
2.1426,3,2.3999999999999773
2.1427,3,1.0
2.1428,3,2.75
2.1430,3,2.0
2.1432,3,9.133333333333326
2.1434,3,1.1666666666666856
2.1435,3,1.7333333333333485
2.1436,3,1.75
2.1437,3,2.4166666666666856
2.1438,3,8.0
2.1440,3,1.0
2.1441,3,1.0
2.1443,3,4.0
2.1444,3,4.0
2.1446,3,2.2000000000000455
2.1447,3,1.6000000000000227
2.1448,3,1.6499999999999773
2.1449,3,1.650000000000091
2.1451,3,1.6666666666666288
2.1452,3,9.200000000000045
2.1453,3,4.75
2.1454,3,5.133333333333326
2.1455,3,2.7666666666666515
2.1456,3,3.1333333333334394
2.1457,3,3.650000000000091
2.1458,3,2.0
2.1459,3,1.75
2.146,3,1.0
2.1460,3,2.599999999999909
2.1461,3,2.599999999999909
2.1466,3,1.6000000000000227
2.1467,3,2.75
2.1468,3,2.0
2.1469,3,2.0
2.147,3,1.1333333333333258
2.1472,3,4.0
2.1473,3,4.0
2.1474,3,4.0
2.1476,3,1.0
2.1477,3,2.0
2.1479,3,3.1666666666666288
2.148,3,0.9166666666667425
2.1482,3,2.0
2.1483,3,3.0
2.1484,3,2.0
2.1485,3,8.5
2.1486,3,8.883333333333326
2.1487,3,4.0166666666666515
2.1488,3,1.6666666666666288
2.1489,3,9.0
2.149,3,0.8500000000000227
2.1490,3,1.25
2.1491,3,4.0
2.1492,3,1.0
2.1493,3,1.2000000000000455
2.1494,3,10.0
2.1495,3,1.3333333333333144
2.1497,3,1.5
2.1498,3,3.6666666666666288
2.1499,3,1.0
2.15,3,2.5
2.1501,3,30.0
2.1503,3,30.0
2.1504,3,30.0
2.1508,3,3.599999999999909
2.1509,3,1.6000000000000227
2.151,3,3.0
2.1510,3,0.849999999999909
2.1511,3,0.8333333333334849
2.1513,3,1.0
2.1515,3,1.3333333333333712
2.1517,3,1.7999999999999545
2.1518,3,2.400000000000091
2.1519,3,4.083333333333485
2.152,3,8.733333333333348
2.1520,3,1.0
2.1522,3,1.3999999999998636
2.1525,3,1.6333333333333258
2.1527,3,2.3999999999999773
2.1528,3,2.4333333333332803
2.1529,3,3.283333333333303
2.153,3,14.716666666666583
2.1530,3,3.2833333333334167
2.1531,3,3.0
2.1532,3,3.0
2.1533,3,1.0
2.1534,3,2.25
2.1535,3,3.199999999999932
2.1536,3,3.199999999999932
2.1538,3,1.1666666666666856
2.1539,3,10.550000000000068
2.154,3,1.7666666666666515
2.1540,3,10.449999999999932
2.1541,3,10.266666666666652
2.1542,3,2.7999999999999545
2.1543,3,0.6666666666666288
2.1544,3,4.0
2.1545,3,0.7000000000000455
2.1546,3,1.8833333333333258
2.1547,3,15.0
2.1548,3,1.0
2.1549,3,1.3333333333332575
2.1552,3,3.7666666666666515
2.1553,3,3.0
2.1554,3,0.6666666666666856
2.1555,3,1.5
2.1556,3,2.0
2.1558,3,6.0
2.1559,3,3.0
2.156,3,3.8333333333333712
2.1563,3,14.71666666666647
2.1564,3,14.850000000000136
2.1565,3,15.0
2.1566,3,7.333333333333371
2.1567,3,7.3333333333332575
2.1568,3,15.0
2.1569,3,15.0
2.1570,3,2.5
2.1571,3,3.75
2.1572,3,10.0
2.1573,3,1.75
2.1575,3,5.333333333333371
2.1576,3,1.8000000000000682
2.1577,3,1.6000000000000227
2.1578,3,1.7999999999999545
2.1580,3,1.6000000000000227
2.1581,3,2.6666666666666288
2.1582,3,2.6666666666667425
2.1583,3,7.849999999999909
2.1584,3,3.566666666666606
2.1585,3,3.433333333333394
2.1587,3,3.3333333333333712
2.1589,3,0.8333333333333144
2.159,3,2.4333333333332803
2.1590,3,0.9166666666667425
2.1591,3,2.716666666666697
2.1592,3,1.0
2.1594,3,1.0
2.1595,3,3.0
2.1597,3,4.0
2.1599,3,1.0
2.16,3,4.2000000000000455
2.160,3,3.0
2.1600,3,1.1666666666666288
2.1602,3,1.0
2.1604,3,1.0
2.1605,3,1.3333333333332575
2.1606,3,1.5
2.161,3,5.0
2.1610,3,4.2000000000000455
2.1611,3,2.2000000000000455
2.1612,3,2.199999999999818
2.1613,3,7.25
2.1614,3,4.7000000000000455
2.1615,3,4.333333333333314
2.1616,3,1.6166666666666742
2.1617,3,4.0
2.1618,3,3.800000000000068
2.1619,3,4.0
2.162,3,4.0
2.1620,3,2.866666666666731
2.1621,3,2.3999999999999773
2.1622,3,2.5
2.1624,3,3.5666666666667197
2.1625,3,3.8333333333332575
2.1626,3,3.6833333333332803
2.163,3,13.5
2.1630,3,5.600000000000023
2.1631,3,2.6666666666666288
2.1633,3,2.1666666666667425
2.1636,3,0.566666666666606
2.1637,3,2.0
2.1638,3,2.666666666666515
2.1639,3,2.6666666666666288
2.164,3,3.133333333333212
2.1640,3,2.933333333333394
2.1641,3,5.0
2.1642,3,4.5
2.1643,3,8.0
2.1644,3,2.400000000000091
2.1645,3,5.5
2.1646,3,9.0
2.1647,3,5.6666666666667425
2.165,3,6.0
2.1650,3,3.3666666666666742
2.1652,3,4.5
2.1653,3,3.283333333333303
2.1654,3,3.1666666666666856
2.1655,3,4.0
2.1656,3,3.3333333333332575
2.1657,3,9.0
2.1658,3,4.5
2.1659,3,2.7666666666666515
2.166,3,3.6666666666666288
2.1660,3,1.0
2.1661,3,2.1833333333332803
2.1663,3,2.0
2.1665,3,2.8833333333333258
2.1666,3,20.0
2.1667,3,10.0
2.1669,3,3.2000000000000455
2.167,3,1.2000000000000455
2.1670,3,1.2000000000000455
2.1671,3,6.0
2.168,3,0.6666666666666288
2.1690,3,4.400000000000091
2.1691,3,4.2666666666666515
2.1695,3,5.0
2.1696,3,9.5
2.1697,3,3.0
2.1699,3,20.0
2.17,3,2.0
2.1701,3,9.5
2.1702,3,3.0
2.1703,3,3.5499999999999545
2.1704,3,3.4500000000000455
2.1705,3,3.1166666666666742
2.1706,3,3.900000000000091
2.1707,3,3.6666666666666288
2.1708,3,3.9833333333333485
2.1709,3,6.550000000000182
2.171,3,1.6666666666667425
2.1710,3,2.3333333333332575
2.1711,3,2.0
2.1712,3,4.25
2.1713,3,1.0
2.1714,3,9.599999999999909
2.1715,3,4.0
2.1716,3,4.0
2.1717,3,8.599999999999909
2.1718,3,10.0
2.1719,3,10.0
2.172,3,1.7000000000000455
2.1720,3,3.0
2.1721,3,3.0
2.1722,3,6.0
2.1723,3,6.0
2.1724,3,6.0
2.1725,3,8.0
2.1726,3,8.0
2.1728,3,7.0
2.1729,3,11.0
2.173,3,1.5833333333333712
2.1730,3,3.5666666666667197
2.1731,3,3.599999999999966
2.1732,3,3.6666666666667425
2.1733,3,3.7666666666666515
2.1736,3,5.6666666666667425
2.1737,3,9.416666666666742
2.1739,3,4.333333333333371
2.174,3,1.4166666666666288
2.1741,3,3.0
2.1742,3,3.0
2.1743,3,75.0
2.1744,3,2.0
2.1745,3,1.6666666666666288
2.1746,3,1.6000000000000227
2.1747,3,2.0
2.1749,3,3.3333333333332575
2.175,3,1.0
2.1750,3,3.3333333333332575
2.1751,3,3.4500000000000455
2.1752,3,1.849999999999909
2.1753,3,1.7999999999999545
2.1754,3,2.0
2.1755,3,1.8000000000000682
2.1756,3,1.7833333333334167
2.1758,3,75.0
2.1759,3,75.0
2.176,3,3.8333333333332575
2.1760,3,75.0
2.1761,3,3.533333333333303
2.1764,3,1.0
2.1765,3,2.5166666666666515
2.1766,3,1.683333333333394
2.1767,3,2.0
2.1768,3,1.8000000000000114
2.1769,3,3.6000000000000227
2.1771,3,15.0
2.1775,3,1.6000000000000227
2.1776,3,1.0
2.1777,3,8.75
2.1778,3,3.6666666666666288
2.1779,3,8.0
2.178,3,4.5
2.1780,3,4.75
2.1781,3,2.3333333333333712
2.1785,3,8.666666666666629
2.1787,3,3.0
2.1788,3,2.0
2.1789,3,3.0
2.179,3,1.1666666666666288
2.1791,3,4.0
2.1792,3,3.0
2.18,3,3.0
2.180,3,2.0
2.1800,3,18.75
2.1801,3,9.0
2.1802,3,15.0
2.1803,3,15.0
2.1804,3,2.0
2.1805,3,90.0
2.1806,3,21.383333333333326
2.1808,3,14.0
2.1809,3,13.81666666666672
2.181,3,1.5833333333333712
2.1810,3,15.0
2.1811,3,15.0
2.1812,3,15.0
2.1814,3,15.0
2.1815,3,15.0
2.1816,3,15.0
2.1817,3,15.0
2.1818,3,15.0
2.1819,3,15.0
2.182,3,1.5
2.1820,3,15.0
2.1821,3,15.0
2.1825,3,3.0
2.1826,3,3.0
2.1827,3,8.333333333333371
2.1828,3,8.0
2.1829,3,3.0
2.183,3,0.7999999999999545
2.1832,3,2.8333333333333712
2.1834,3,13.0
2.1835,3,12.0
2.1841,3,19.25
2.1842,3,3.0
2.1848,3,11.5
2.1849,3,3.0
2.185,3,1.2000000000000455
2.1850,3,3.0
2.1851,3,3.0
2.1852,3,1.5833333333333712
2.1855,3,8.666666666666629
2.1856,3,8.666666666666629
2.1857,3,2.0
2.1858,3,7.333333333333371
2.1859,3,8.0
2.1860,3,7.6666666666667425
2.1861,3,7.8333333333332575
2.1862,3,11.0
2.1863,3,3.4166666666666288
2.1864,3,3.599999999999909
2.1865,3,10.0
2.1868,3,10.0
2.1869,3,9.799999999999955
2.187,3,2.25
2.1870,3,9.600000000000023
2.1872,3,9.0
2.1873,3,9.0
2.1874,3,9.0
2.1879,3,4.0
2.1880,3,4.0
2.1881,3,2.5
2.1882,3,3.75
2.1883,3,2.0
2.1885,3,9.0
2.1886,3,2.0
2.1887,3,1.0
2.189,3,12.0
2.1890,3,1.2999999999999545
2.1891,3,1.3333333333333712
2.1892,3,3.849999999999909
2.1893,3,3.7166666666665833
2.1894,3,3.8500000000000227
2.1896,3,3.6666666666667425
2.1897,3,3.5
2.1898,3,3.6666666666667425
2.1899,3,3.8333333333333712
2.1900,3,2.0
2.1901,3,77.0
2.1903,3,7.0
2.1904,3,3.0
2.1905,3,1.4500000000000455
2.1906,3,0.783333333333303
2.1907,3,0.7666666666666515
2.1908,3,9.666666666666742
2.191,3,3.6333333333334394
2.1910,3,4.0
2.1911,3,15.0
2.1912,3,2.2000000000000455
2.1913,3,24.600000000000023
2.1914,3,2.3999999999999773
2.1915,3,15.0
2.1916,3,15.0
2.1917,3,2.5
2.1919,3,2.5
2.1920,3,7.0
2.1921,3,6.6666666666667425
2.1922,3,6.333333333333371
2.1925,3,3.933333333333394
2.1926,3,3.8666666666666742
2.1927,3,4.0
2.1928,3,8.75
2.193,3,2.0
2.1930,3,7.399999999999977
2.1932,3,4.116666666666674
2.1933,3,8.0
2.1937,3,2.0
2.1938,3,1.466666666666697
2.1939,3,2.6000000000000227
2.1940,3,1.0
2.1941,3,1.6666666666666288
2.1943,3,4.333333333333485
2.1944,3,11.0
2.195,3,2.0
2.1950,3,3.699999999999932
2.1954,3,14.399999999999977
2.1955,3,7.866666666666674
2.1956,3,8.199999999999932
2.1958,3,1.9666666666665833
2.1959,3,2.0
2.196,3,3.3166666666667197
2.1960,3,4.0
2.1961,3,3.0
2.1963,3,3.0
2.1970,3,4.6666666666667425
2.1973,3,2.6000000000000227
2.1975,3,5.0
2.1976,3,3.8333333333332575
2.198,3,2.8666666666665606
2.1980,3,11.0
2.1982,3,3.400000000000034
2.1983,3,6.333333333333371
2.1984,3,3.0
2.1985,3,6.666666666666629
2.1986,3,6.666666666666515
2.1987,3,6.166666666666629
2.1988,3,6.333333333333371
2.1989,3,6.5
2.199,3,3.199999999999818
2.1990,3,6.333333333333371
2.1991,3,6.166666666666629
2.1992,3,7.0
2.1993,3,6.199999999999932
2.1994,3,6.199999999999932
2.1995,3,6.2000000000000455
2.1996,3,6.800000000000068
2.1997,3,6.399999999999977
2.1998,3,75.0
2.1999,3,75.0
2.2,3,1.0
2.20,3,1.6000000000000227
2.200,3,1.5
2.2004,3,10.5
2.2005,3,10.666666666666742
2.2006,3,11.0
2.2007,3,10.25
2.2008,3,10.0
2.2009,3,9.833333333333371
2.2010,3,9.666666666666629
2.2012,3,9.833333333333371
2.202,3,2.3833333333333258
2.2020,3,7.0
2.2021,3,7.0
2.2022,3,2.0
2.2023,3,15.766666666666652
2.2024,3,15.916666666666515
2.2025,3,16.083333333333258
2.2026,3,16.23333333333335
2.2028,3,16.699999999999932
2.2029,3,16.850000000000023
2.203,3,3.0
2.2034,3,5.0
2.2037,3,13.5
2.2038,3,13.75
2.2039,3,14.0
2.2040,3,13.25
2.2041,3,13.5
2.2042,3,13.75
2.2043,3,8.0
2.2044,3,23.883333333333326
2.2045,3,24.116666666666674
2.2046,3,24.0
2.2047,3,23.66666666666663
2.2048,3,23.33333333333337
2.2049,3,25.0
2.205,3,4.0
2.2051,3,25.0
2.2052,3,25.25
2.2053,3,25.0
2.2054,3,24.5
2.2055,3,24.0
2.2056,3,23.0
2.2057,3,23.0
2.2059,3,4.0
2.206,3,2.0
2.2061,3,8.799999999999955
2.2064,3,7.333333333333371
2.2066,3,6.666666666666629
2.2067,3,6.0
2.2068,3,5.75
2.2069,3,6.25
2.207,3,1.6666666666666288
2.2071,3,25.0
2.2072,3,10.0
2.2074,3,14.25
2.2075,3,10.0
2.2076,3,10.0
2.2077,3,10.0
2.2078,3,10.0
2.2079,3,10.0
2.208,3,2.8333333333333712
2.2080,3,25.0
2.2081,3,25.0
2.2082,3,25.0
2.2083,3,25.0
2.2084,3,25.0
2.2085,3,25.0
2.2086,3,25.0
2.2087,3,25.0
2.2088,3,25.0
2.2089,3,25.0
2.209,3,2.0
2.2090,3,25.0
2.2091,3,25.0
2.2092,3,25.0
2.2093,3,25.0
2.2094,3,25.0
2.2095,3,25.0
2.2096,3,25.0
2.2097,3,6.599999999999909
2.2098,3,27.0
2.2099,3,26.66666666666663
2.21,3,0.75
2.2100,3,31.33333333333337
2.2101,3,31.0
2.2102,3,30.600000000000023
2.2103,3,30.200000000000045
2.2104,3,29.799999999999955
2.2105,3,29.399999999999977
2.2108,3,28.399999999999977
2.2109,3,28.0
2.211,3,1.0
2.2110,3,27.800000000000068
2.2111,3,27.600000000000023
2.2112,3,27.399999999999977
2.2113,3,27.199999999999932
2.2114,3,29.600000000000023
2.2115,3,29.199999999999932
2.2116,3,28.800000000000068
2.2117,3,28.0
2.212,3,0.8666666666666742
2.2121,3,26.33333333333337
2.2122,3,26.5
2.2123,3,26.666666666666742
2.2124,3,26.833333333333258
2.2125,3,27.0
2.2126,3,27.0
2.2127,3,27.0
2.2128,3,7.7999999999999545
2.213,3,0.8666666666666742
2.2130,3,5.5
2.2131,3,20.0
2.2133,3,20.0
2.2134,3,9.299999999999955
2.2135,3,20.0
2.2136,3,20.0
2.2137,3,20.0
2.2138,3,3.0
2.2139,3,5.0
2.214,3,2.0
2.2141,3,14.166666666666742
2.2142,3,15.466666666666583
2.2143,3,15.0
2.2146,3,2.7000000000000455
2.2147,3,2.7333333333333485
2.2148,3,2.7666666666666515
2.2149,3,15.0
2.215,3,4.0
2.2151,3,3.0
2.2154,3,10.400000000000091
2.2155,3,10.200000000000045
2.2156,3,9.799999999999955
2.2157,3,9.599999999999909
2.2158,3,9.400000000000091
2.216,3,1.6666666666667425
2.217,3,1.6666666666667425
2.2178,3,8.449999999999932
2.218,3,4.5
2.2180,3,6.0
2.2184,3,12.666666666666629
2.2185,3,11.5
2.2186,3,13.0
2.2187,3,12.0
2.2188,3,13.0
2.2189,3,12.5
2.219,3,4.75
2.2190,3,12.333333333333371
2.2194,3,9.0
2.2195,3,9.0
2.2196,3,9.0
2.2197,3,9.0
2.2198,3,9.0
2.2199,3,5.7999999999999545
2.22,3,1.900000000000091
2.220,3,2.0
2.2200,3,2.7999999999999545
2.2203,3,7.0
2.2209,3,12.0
2.221,3,1.2000000000000455
2.2210,3,10.0
2.2211,3,25.0
2.2212,3,25.0
2.2213,3,25.0
2.2214,3,25.0
2.2215,3,25.0
2.2216,3,25.0
2.2217,3,25.0
2.2218,3,25.0
2.2219,3,25.0
2.222,3,3.25
2.2220,3,25.0
2.2221,3,25.0
2.2222,3,25.0
2.2223,3,25.0
2.2224,3,25.0
2.2225,3,25.0
2.2227,3,3.0
2.2228,3,10.0
2.2230,3,20.0
2.2231,3,5.0
2.2232,3,4.899999999999977
2.2233,3,5.0
2.2234,3,2.1000000000000227
2.2235,3,2.0
2.2239,3,8.0
2.224,3,6.0
2.2241,3,8.0
2.2243,3,2.0
2.2246,3,17.0
2.2247,3,8.75
2.2248,3,9.133333333333326
2.2249,3,26.0
2.2250,3,26.0
2.2251,3,26.0
2.2252,3,26.0
2.2254,3,6.816666666666606
2.2255,3,14.399999999999977
2.2256,3,7.833333333333371
2.2259,3,3.8500000000000227
2.226,3,1.25
2.2260,3,0.7999999999999545
2.2261,3,0.75
2.2262,3,3.8333333333333712
2.2264,3,3.0
2.2265,3,3.0
2.2266,3,3.2000000000000455
2.2268,3,3.0
2.2269,3,0.8666666666666742
2.227,3,1.8333333333333712
2.2270,3,2.0
2.2271,3,9.433333333333394
2.2273,3,9.366666666666674
2.2274,3,9.25
2.2275,3,9.433333333333394
2.2276,3,9.416666666666629
2.2279,3,1.9166666666666856
2.228,3,2.666666666666515
2.2281,3,5.0
2.2282,3,5.116666666666674
2.2287,3,10.0
2.2288,3,10.0
2.2289,3,2.783333333333303
2.2293,3,3.0
2.2294,3,3.0
2.2295,3,3.0
2.2298,3,28.799999999999955
2.2299,3,28.600000000000023
2.230,3,1.1666666666667425
2.2300,3,28.399999999999977
2.2301,3,28.200000000000045
2.2302,3,27.75
2.2303,3,27.5
2.2304,3,27.25
2.2305,3,27.0
2.2306,3,5.0
2.2307,3,6.25
2.2308,3,6.5
2.2309,3,7.0
2.231,3,1.033333333333303
2.2310,3,7.0
2.2311,3,5.433333333333394
2.2315,3,3.0
2.2317,3,40.0
2.2318,3,40.0
2.2319,3,40.0
2.232,3,1.0
2.2320,3,40.0
2.2321,3,2.0
2.2322,3,2.5499999999999545
2.2323,3,3.3500000000001364
2.2324,3,6.0
2.2325,3,6.75
2.2326,3,7.0
2.2327,3,12.833333333333371
2.2328,3,2.9499999999999886
2.2329,3,12.75
2.233,3,0.6666666666666288
2.2330,3,3.0
2.2331,3,12.916666666666742
2.2332,3,7.0
2.2333,3,8.5
2.2335,3,1.0
2.2336,3,1.0
2.234,3,0.7999999999999545
2.2341,3,6.0
2.2342,3,3.1499999999998636
2.2343,3,3.0
2.2345,3,1.6666666666666288
2.2348,3,5.0
2.2349,3,4.283333333333417
2.235,3,9.200000000000045
2.2350,3,9.0
2.2351,3,2.6666666666666288
2.2353,3,8.299999999999955
2.2354,3,8.100000000000023
2.2355,3,8.283333333333303
2.2356,3,8.0
2.236,3,9.200000000000045
2.2362,3,1.5
2.2363,3,0.8000000000000682
2.2367,3,9.666666666666629
2.2368,3,3.3333333333333712
2.237,3,1.0
2.2371,3,4.599999999999909
2.2372,3,4.7999999999999545
2.2373,3,4.183333333333394
2.2374,3,4.350000000000023
2.2375,3,4.449999999999932
2.238,3,8.200000000000045
2.2383,3,3.3333333333333712
2.2384,3,1.75
2.2385,3,3.5
2.2387,3,2.3333333333333712
2.2388,3,3.5
2.2389,3,3.5
2.239,3,0.6666666666666288
2.2390,3,3.5
2.2392,3,5.75
2.2394,3,2.5666666666667197
2.2395,3,6.0
2.2398,3,30.0
2.2399,3,3.3999999999999773
2.24,3,1.0
2.2400,3,30.0
2.2401,3,30.0
2.2402,3,29.799999999999955
2.2404,3,29.40000000000009
2.2405,3,29.199999999999932
2.2406,3,1.0
2.2407,3,11.0
2.2408,3,5.0
2.2409,3,11.0
2.241,3,4.0
2.2410,3,11.0
2.2412,3,10.450000000000045
2.2414,3,11.899999999999977
2.2415,3,9.5
2.2416,3,5.5499999999999545
2.2418,3,3.5
2.2420,3,3.333333333333485
2.2421,3,3.1666666666667425
2.2422,3,3.3333333333332575
2.2427,3,20.0
2.243,3,0.8333333333332575
2.2430,3,4.0
2.2431,3,8.25
2.2432,3,8.5
2.2433,3,9.0
2.2434,3,9.0
2.2435,3,9.200000000000045
2.2436,3,9.199999999999932
2.2437,3,8.799999999999955
2.2438,3,8.600000000000023
2.2439,3,8.799999999999955
2.244,3,0.8000000000000682
2.2440,3,9.0
2.2441,3,8.600000000000023
2.2442,3,5.133333333333326
2.2443,3,5.25
2.2445,3,9.833333333333371
2.2446,3,9.666666666666629
2.245,3,1.25
2.2453,3,6.0
2.2454,3,4.3333333333332575
2.2455,3,8.0
2.2456,3,8.0
2.2457,3,8.0
2.2458,3,6.0
2.2459,3,5.5833333333332575
2.246,3,3.0
2.2461,3,4.866666666666561
2.2464,3,3.0
2.2465,3,8.0
2.2466,3,8.0
2.2467,3,8.0
2.2468,3,8.0
2.2469,3,8.0
2.2470,3,8.0
2.2471,3,8.0
2.2472,3,8.0
2.2473,3,2.0
2.2474,3,5.0
2.2475,3,9.599999999999909
2.2476,3,9.599999999999909
2.2477,3,9.399999999999977
2.2478,3,9.199999999999932
2.2479,3,9.0
2.248,3,5.816666666666606
2.2480,3,9.0
2.2481,3,9.0
2.2482,3,9.0
2.2483,3,9.0
2.2484,3,9.0
2.2485,3,12.0
2.2486,3,13.333333333333258
2.2487,3,13.333333333333258
2.249,3,2.0
2.2491,3,5.0
2.2492,3,1.3999999999999773
2.2493,3,25.0
2.2494,3,22.799999999999955
2.2495,3,23.0
2.2496,3,22.5
2.25,3,1.0
2.250,3,7.0
2.2501,3,6.0
2.2502,3,24.333333333333258
2.2503,3,2.7999999999999545
2.2504,3,23.666666666666742
2.2507,3,7.0
2.251,3,7.333333333333371
2.2510,3,7.0
2.2511,3,7.0
2.2512,3,7.0
2.2515,3,7.5
2.2516,3,6.0
2.2517,3,13.25
2.252,3,0.716666666666697
2.253,3,0.7000000000000455
2.2530,3,2.0
2.2532,3,1.6666666666666288
2.2533,3,9.0
2.2536,3,6.0
2.2537,3,13.0
2.2539,3,15.0
2.254,3,0.6666666666666288
2.2540,3,8.0
2.2541,3,7.0
2.2542,3,2.0
2.2543,3,1.2000000000000455
2.2547,3,1.9833333333332916
2.2548,3,5.5
2.255,3,0.7666666666666515
2.2550,3,5.633333333333326
2.2551,3,5.716666666666583
2.2552,3,7.0
2.2553,3,6.5
2.2554,3,6.7999999999999545
2.2555,3,6.7000000000000455
2.2557,3,4.0
2.2558,3,2.0
2.2559,3,1.8333333333333144
2.256,3,0.7333333333333485
2.2563,3,7.8333333333332575
2.2564,3,14.400000000000091
2.2565,3,13.799999999999955
2.2566,3,14.599999999999909
2.2567,3,6.0
2.257,3,0.716666666666697
2.2571,3,3.3666666666665606
2.2572,3,4.25
2.2573,3,8.75
2.2574,3,6.7000000000000455
2.2575,3,4.4166666666667425
2.2577,3,20.0
2.2579,3,3.7999999999999545
2.258,3,3.0
2.2581,3,3.3166666666667197
2.2582,3,3.0
2.2583,3,1.1833333333331666
2.2584,3,2.0
2.2585,3,1.0
2.2586,3,3.7999999999999545
2.2588,3,2.1999999999999886
2.2589,3,2.2000000000000455
2.259,3,8.716666666666697
2.2590,3,2.283333333333303
2.2592,3,10.083333333333485
2.2593,3,2.0
2.2594,3,2.1999999999999886
2.2595,3,2.5
2.2599,3,12.0
2.2600,3,10.366666666666788
2.2601,3,12.0
2.2604,3,3.7833333333334167
2.2605,3,3.5833333333333712
2.2606,3,23.000000000000114
2.2607,3,6.600000000000023
2.261,3,1.7000000000000455
2.2610,3,3.75
2.2616,3,2.8666666666666742
2.2617,3,1.5
2.2618,3,1.5
2.2619,3,4.0
2.262,3,2.5
2.2620,3,2.0
2.2622,3,5.2000000000000455
2.2623,3,2.0
2.2625,3,5.0
2.2626,3,2.0
2.2627,3,26.66666666666663
2.2628,3,29.0
2.2629,3,15.0
2.263,3,1.6666666666666288
2.2630,3,2.1666666666667425
2.2631,3,4.0
2.2635,3,9.25
2.2636,3,20.0
2.2637,3,2.6333333333334394
2.2638,3,20.0
2.264,3,4.566666666666606
2.2648,3,1.9333333333331666
2.265,3,3.933333333333337
2.2653,3,2.0
2.2655,3,16.0
2.2656,3,10.0
2.2658,3,2.0
2.266,3,2.5
2.2660,3,20.0
2.2662,3,21.0
2.2664,3,5.5
2.2665,3,1.75
2.2667,3,9.5
2.2668,3,4.0
2.2669,3,10.0
2.267,3,2.0
2.2670,3,10.833333333333485
2.2672,3,8.0
2.2674,3,8.266666666666652
2.2675,3,8.416666666666742
2.2678,3,7.933333333333394
2.2679,3,20.0
2.268,3,2.7999999999999545
2.2680,3,20.0
2.2681,3,1.9666666666665833
2.2683,3,2.0
2.2685,3,2.0
2.2689,3,3.0
2.269,3,2.900000000000091
2.2690,3,1.8166666666668334
2.2691,3,40.0
2.2692,3,40.0
2.2693,3,40.0
2.2694,3,40.0
2.2695,3,6.0
2.2696,3,7.5
2.2697,3,3.0
2.2698,3,3.6666666666667425
2.2699,3,4.0
2.27,3,4.0
2.270,3,3.0
2.2700,3,1.6666666666666288
2.2701,3,3.1666666666667425
2.2704,3,25.0
2.2705,3,11.0
2.2706,3,2.0
2.2709,3,12.333333333333371
2.271,3,3.0
2.2712,3,23.0
2.2714,3,12.0
2.2716,3,4.0
2.2717,3,30.0
2.2718,3,3.0
2.272,3,3.0
2.2721,3,5.0
2.2722,3,10.533333333333303
2.2723,3,6.0
2.2724,3,6.899999999999977
2.2725,3,3.0
2.2728,3,4.0
2.273,3,1.166666666666515
2.2730,3,5.166666666666629
2.2731,3,5.3333333333332575
2.2733,3,5.0
2.2734,3,5.083333333333371
2.2735,3,5.166666666666629
2.2736,3,2.3333333333333712
2.2737,3,8.333333333333485
2.2738,3,10.0
2.2740,3,7.0
2.2741,3,3.2000000000000455
2.2742,3,7.800000000000068
2.2743,3,7.0
2.2744,3,8.0
2.2745,3,8.0
2.2746,3,3.0
2.2747,3,4.600000000000023
2.2748,3,7.6666666666667425
2.2750,3,20.0
2.2752,3,8.0
2.2753,3,8.0
2.2758,3,1.1000000000000227
2.2759,3,10.0
2.276,3,10.0
2.2760,3,10.333333333333258
2.2761,3,9.5
2.2762,3,9.333333333333371
2.2763,3,9.166666666666629
2.2764,3,9.0
2.2765,3,8.783333333333303
2.2766,3,8.550000000000068
2.2767,3,8.349999999999909
2.2768,3,7.883333333333326
2.2769,3,7.683333333333394
2.277,3,4.6666666666667425
2.2770,3,7.4500000000000455
2.2771,3,7.216666666666583
2.2772,3,7.5
2.2773,3,16.533333333333303
2.2775,3,17.0
2.2776,3,1.349999999999909
2.2777,3,0.8333333333333712
2.2778,3,11.11666666666656
2.2779,3,11.333333333333258
2.278,3,5.75
2.2780,3,11.450000000000045
2.2781,3,11.0
2.2782,3,11.0
2.2783,3,11.0
2.2784,3,10.666666666666515
2.2785,3,11.0
2.2786,3,10.333333333333258
2.2787,3,9.833333333333371
2.2788,3,8.116666666666674
2.2789,3,8.083333333333258
2.279,3,3.5
2.2790,3,8.100000000000136
2.2791,3,13.0
2.2792,3,7.0
2.2793,3,6.6666666666667425
2.2794,3,6.8333333333332575
2.2798,3,7.183333333333394
2.2799,3,7.466666666666697
2.28,3,1.8333333333332575
2.280,3,3.400000000000091
2.2800,3,2.0
2.2801,3,2.3333333333332575
2.2804,3,75.0
2.2805,3,44.0
2.2806,3,5.3333333333332575
2.2808,3,8.71666666666647
2.2809,3,9.28333333333353
2.281,3,1.0
2.2810,3,9.850000000000136
2.2811,3,10.416666666666742
2.2812,3,11.0
2.2813,3,11.333333333333258
2.2819,3,12.400000000000091
2.282,3,2.400000000000091
2.2821,3,9.600000000000023
2.2827,3,18.86666666666656
2.2828,3,19.433333333333394
2.2831,3,13.0
2.2832,3,13.0
2.2833,3,2.0
2.2834,3,5.0
2.2835,3,2.75
2.2836,3,12.833333333333258
2.2837,3,3.0
2.2838,3,9.0
2.284,3,2.2999999999999545
2.2840,3,29.799999999999955
2.2841,3,29.399999999999977
2.2842,3,29.200000000000045
2.2843,3,2.4333333333332803
2.2844,3,2.8666666666666742
2.2845,3,3.2999999999999545
2.2846,3,3.5666666666667197
2.2847,3,3.716666666666697
2.2848,3,3.8666666666666742
2.2849,3,4.0
2.285,3,3.0
2.2850,3,4.400000000000091
2.2851,3,4.7999999999999545
2.2852,3,5.2000000000000455
2.2855,3,9.0
2.2856,3,2.2333333333333485
2.2858,3,8.450000000000045
2.2859,3,8.666666666666629
2.286,3,1.0
2.2861,3,9.350000000000023
2.2862,3,9.450000000000045
2.2863,3,9.216666666666583
2.2864,3,5.0
2.2866,3,8.71666666666647
2.2869,3,8.0
2.287,3,2.3999999999999773
2.2870,3,8.75
2.2872,3,3.0
2.2876,3,8.0
2.2878,3,0.6666666666667425
2.2879,3,8.0
2.2880,3,8.0
2.2881,3,8.0
2.2882,3,11.0
2.2883,3,10.25
2.2884,3,10.5
2.2885,3,10.25
2.2886,3,10.0
2.2888,3,10.0
2.289,3,3.2833333333334167
2.2890,3,2.0
2.2891,3,3.3333333333332575
2.2892,3,2.0
2.2893,3,4.0
2.2895,3,4.0
2.2899,3,4.0
2.29,3,4.0
2.2901,3,4.0
2.2902,3,4.0
2.2903,3,4.0
2.2904,3,2.0
2.2906,3,4.0
2.2907,3,3.0
2.291,3,0.716666666666697
2.2911,3,3.0
2.2912,3,9.0
2.2914,3,9.666666666666742
2.2915,3,10.0
2.2916,3,6.0
2.2920,3,23.0
2.2923,3,23.0
2.2925,3,22.199999999999932
2.2926,3,21.800000000000068
2.2927,3,25.0
2.2928,3,23.0
2.2929,3,23.0
2.293,3,11.5
2.2930,3,23.0
2.2931,3,15.0
2.2933,3,2.6000000000000227
2.2935,3,10.616666666666674
2.2936,3,10.75
2.294,3,2.1333333333334394
2.2943,3,11.25
2.2944,3,10.88333333333344
2.2946,3,1.6666666666666288
2.2947,3,3.6666666666667425
2.2949,3,3.5
2.295,3,2.9166666666666288
2.2950,3,3.0
2.2951,3,3.0
2.2952,3,11.5
2.2953,3,8.783333333333303
2.2954,3,9.116666666666674
2.2955,3,75.0
2.2956,3,75.0
2.2957,3,75.0
2.2958,3,75.0
2.2959,3,75.0
2.296,3,6.0
2.2960,3,75.0
2.2961,3,75.0
2.2962,3,75.0
2.2963,3,75.0
2.2965,3,1.0666666666668334
2.2966,3,1.1499999999998636
2.2968,3,1.1999999999999886
2.297,3,1.5
2.2970,3,1.3333333333333712
2.2974,3,5.083333333333371
2.2976,3,12.5
2.2977,3,7.0
2.2978,3,8.0
2.2979,3,7.100000000000023
2.2980,3,7.18333333333328
2.2984,3,2.6666666666667425
2.2985,3,1.75
2.2987,3,16.383333333333212
2.2989,3,2.1666666666666288
2.2990,3,9.200000000000045
2.2992,3,6.0
2.2993,3,2.0
2.2995,3,3.7666666666666515
2.2996,3,2.0
2.2997,3,4.0
2.2998,3,4.0
2.2999,3,7.800000000000011
2.3,3,2.3333333333333712
2.30,3,3.0
2.300,3,2.0
2.3000,3,8.0
2.3001,3,5.0
2.3002,3,7.600000000000023
2.3004,3,25.0
2.3005,3,25.0
2.3006,3,25.0
2.3007,3,25.0
2.3008,3,7.0
2.3009,3,27.5
2.3010,3,27.75
2.3011,3,14.0
2.3012,3,29.25
2.3013,3,28.5
2.3014,3,15.0
2.3015,3,2.400000000000091
2.3016,3,5.0
2.3017,3,4.7999999999999545
2.3018,3,10.399999999999977
2.3019,3,4.399999999999864
2.3020,3,30.0
2.3021,3,30.0
2.3023,3,1.0
2.3024,3,1.0833333333333712
2.3025,3,6.833333333333371
2.3026,3,7.25
2.3029,3,2.0
2.3030,3,3.0
2.3032,3,3.0
2.3033,3,7.0
2.3034,3,7.0
2.3035,3,7.0
2.3036,3,7.0
2.3037,3,7.2000000000000455
2.3038,3,2.6666666666666288
2.3040,3,7.0
2.3041,3,5.0
2.3043,3,3.0
2.3046,3,5.599999999999909
2.3047,3,5.0
2.3048,3,5.0
2.3050,3,11.0
2.3051,3,13.25
2.3052,3,17.0
2.306,3,0.8666666666666742
2.307,3,1.0
2.308,3,0.8666666666666742
2.309,3,7.6666666666667425
2.3092,3,4.0
2.3097,3,30.0
2.3098,3,4.149999999999977
2.31,3,9.13333333333344
2.310,3,2.0
2.3114,3,6.0
2.3115,3,6.0
2.3116,3,6.0
2.3117,3,6.0
2.3118,3,6.0
2.3119,3,6.5
2.312,3,4.0
2.3120,3,6.5
2.3122,3,2.5
2.3123,3,8.0
2.3124,3,4.0
2.3125,3,1.0
2.3126,3,2.8666666666665606
2.313,3,0.7333333333333485
2.3130,3,1.533333333333303
2.3131,3,6.25
2.3133,3,6.800000000000068
2.3134,3,7.2000000000000455
2.3135,3,9.0
2.3136,3,9.38333333333344
2.3137,3,7.0
2.3138,3,7.0
2.314,3,4.0
2.3140,3,2.0
2.3141,3,1.4333333333332803
2.3147,3,9.399999999999977
2.3148,3,10.0
2.315,3,1.0
2.3150,3,9.200000000000045
2.3151,3,10.0
2.3153,3,10.866666666666674
2.3154,3,11.63333333333344
2.3155,3,4.800000000000068
2.3156,3,11.816666666666606
2.3157,3,4.7666666666666515
2.3158,3,30.0
2.3159,3,30.0
2.316,3,1.0
2.3160,3,30.0
2.3162,3,3.0
2.3163,3,5.0
2.3166,3,2.433333333333394
2.3167,3,2.0
2.3168,3,5.0
2.317,3,1.0
2.3173,3,8.316666666666606
2.3174,3,3.6499999999999773
2.3175,3,8.25
2.3176,3,8.5
2.3177,3,8.416666666666742
2.3178,3,8.0
2.318,3,9.200000000000045
2.3180,3,29.59999999999991
2.3181,3,7.25
2.3182,3,10.100000000000136
2.3184,3,4.0
2.3185,3,4.0
2.3187,3,5.0
2.3189,3,2.6000000000000227
2.3190,3,2.0
2.3191,3,4.199999999999932
2.3197,3,5.25
2.320,3,4.0
2.3203,3,10.333333333333258
2.3204,3,10.0
2.3205,3,10.666666666666515
2.3206,3,7.699999999999989
2.3207,3,6.9166666666667425
2.3208,3,0.849999999999909
2.3209,3,0.9333333333332803
2.321,3,1.0
2.3210,3,6.0
2.3211,3,22.999999999999886
2.3212,3,23.0
2.3213,3,22.999999999999886
2.3214,3,23.000000000000114
2.3215,3,5.5
2.3216,3,5.5
2.3217,3,10.0
2.3218,3,10.0
2.3219,3,10.0
2.3220,3,10.0
2.3221,3,1.0499999999999545
2.3222,3,2.5666666666667197
2.3223,3,2.5666666666668334
2.3224,3,4.0
2.3225,3,2.0
2.3226,3,3.0
2.3227,3,2.599999999999909
2.3229,3,3.0
2.3231,3,4.0
2.3232,3,1.3833333333333258
2.3233,3,2.716666666666697
2.3234,3,2.5666666666668334
2.3235,3,2.4500000000000455
2.3236,3,2.0
2.3237,3,1.0333333333334167
2.324,3,6.5
2.3240,3,6.333333333333485
2.3241,3,2.0
2.3242,3,3.0
2.3243,3,5.0
2.3244,3,10.166666666666629
2.3245,3,10.333333333333371
2.3246,3,2.0
2.3247,3,2.0
2.3248,3,3.0
2.3250,3,15.0
2.3251,3,14.799999999999955
2.3252,3,8.0
2.3253,3,6.0
2.3254,3,5.333333333333371
2.3255,3,4.7999999999999545
2.3256,3,5.0
2.3257,3,3.0
2.3262,3,4.0
2.3263,3,2.0
2.3264,3,3.5
2.3265,3,3.25
2.3266,3,4.0
2.3267,3,3.3999999999999773
2.3268,3,3.199999999999932
2.3269,3,3.0
2.327,3,0.9166666666666288
2.3270,3,4.399999999999864
2.3271,3,10.199999999999932
2.3272,3,4.0
2.3273,3,11.0
2.3274,3,10.449999999999932
2.3275,3,9.0
2.3276,3,9.0
2.3277,3,10.0
2.328,3,2.0
2.3281,3,8.516666666666652
2.3282,3,1.3333333333332575
2.3283,3,2.2666666666666515
2.3284,3,1.4333333333332803
2.3286,3,2.0
2.3288,3,9.800000000000182
2.3289,3,12.200000000000045
2.329,3,4.0
2.3290,3,5.25
2.3291,3,5.0
2.3293,3,3.25
2.3294,3,25.0
2.3295,3,4.0
2.330,3,8.716666666666697
2.3300,3,3.1499999999998636
2.3301,3,3.283333333333303
2.3302,3,7.0
2.3303,3,25.0
2.3304,3,3.0
2.3305,3,4.0
2.3307,3,5.0
2.3308,3,2.0
2.3309,3,1.716666666666697
2.3310,3,1.8000000000000682
2.3312,3,3.3333333333333712
2.3313,3,3.3333333333333712
2.3314,3,3.3333333333333712
2.3315,3,3.3333333333332575
2.3316,3,2.8333333333332575
2.3317,3,1.5
2.3318,3,3.0
2.3320,3,1.6666666666667425
2.3322,3,2.0
2.3323,3,4.0
2.3324,3,4.0
2.3325,3,3.3833333333334394
2.3326,3,3.0
2.3328,3,2.0
2.3329,3,3.3333333333332575
2.3332,3,2.0
2.3333,3,4.0
2.3334,3,20.0
2.3335,3,8.149999999999864
2.3336,3,20.0
2.3337,3,3.400000000000091
2.3338,3,3.3333333333332575
2.334,3,1.6666666666666288
2.3340,3,3.650000000000091
2.3341,3,0.6666666666667425
2.3342,3,1.566666666666606
2.3343,3,4.0
2.3344,3,8.666666666666742
2.3345,3,8.25
2.3346,3,8.133333333333326
2.3347,3,2.0
2.3348,3,1.0
2.3349,3,3.4500000000000455
2.335,3,1.3999999999999773
2.3350,3,3.6666666666666288
2.3351,3,3.5499999999999545
2.3352,3,3.6666666666666288
2.3353,3,3.566666666666606
2.3356,3,2.0
2.3357,3,5.566666666666833
2.3358,3,6.666666666666686
2.3359,3,11.666666666666742
2.336,3,1.0
2.3360,3,12.0
2.3361,3,3.25
2.3362,3,3.25
2.3363,3,3.1333333333333258
2.3364,3,3.183333333333337
2.3365,3,8.149999999999977
2.3366,3,8.700000000000045
2.3367,3,5.5833333333332575
2.3368,3,5.3333333333332575
2.3369,3,1.3333333333332575
2.337,3,1.0
2.3370,3,3.7000000000000455
2.3371,3,3.0
2.3372,3,5.5
2.3373,3,12.0
2.3374,3,11.666666666666629
2.3375,3,8.150000000000034
2.3376,3,7.849999999999966
2.3377,3,10.0
2.3378,3,0.75
2.3381,3,2.0
2.3382,3,1.6166666666666742
2.3383,3,1.75
2.3384,3,4.0
2.3385,3,3.6000000000001364
2.3386,3,4.0
2.3387,3,1.4833333333333485
2.3388,3,3.0
2.3389,3,3.0
2.3390,3,1.283333333333303
2.3391,3,1.0166666666666515
2.3392,3,10.0
2.3393,3,5.0
2.3395,3,5.0
2.3396,3,4.0
2.3397,3,1.7000000000000455
2.3399,3,10.0
2.34,3,0.7999999999999545
2.3400,3,5.0
2.3401,3,5.0
2.3402,3,1.4166666666667425
2.3404,3,0.6000000000000227
2.3405,3,5.0
2.3406,3,5.0
2.3407,3,3.683333333333394
2.3408,3,12.599999999999909
2.3409,3,12.600000000000136
2.341,3,8.0
2.3410,3,11.333333333333485
2.3411,3,10.5
2.3412,3,10.5
2.3413,3,4.3333333333332575
2.3414,3,3.7166666666664696
2.3417,3,2.0
2.3418,3,5.0
2.3419,3,2.0
2.342,3,1.4499999999999886
2.3420,3,2.0
2.3422,3,6.0
2.3423,3,3.7000000000000455
2.3424,3,3.3999999999999773
2.3425,3,3.150000000000034
2.3427,3,3.0
2.3428,3,10.0
2.3429,3,9.333333333333258
2.343,3,5.0
2.3430,3,9.666666666666515
2.3431,3,5.0
2.3432,3,9.666666666666629
2.3433,3,9.333333333333371
2.3434,3,9.0
2.3435,3,6.0
2.3436,3,4.0
2.3438,3,2.0
2.3439,3,10.366666666666674
2.344,3,5.0
2.3441,3,2.8333333333333712
2.3442,3,16.5
2.3443,3,23.0
2.3445,3,2.0
2.3446,3,6.900000000000091
2.3447,3,6.7999999999999545
2.3448,3,6.7000000000000455
2.3449,3,3.6666666666666288
2.345,3,5.0
2.3450,3,4.0
2.3451,3,4.849999999999909
2.3452,3,15.0
2.3453,3,3.0
2.3454,3,7.0
2.3455,3,20.0
2.3456,3,20.0
2.3457,3,20.0
2.346,3,7.25
2.3460,3,4.0
2.3461,3,11.333333333333258
2.3462,3,12.0
2.3463,3,11.5
2.3465,3,2.9166666666667425
2.3468,3,4.0
2.3469,3,4.0
2.347,3,6.866666666666561
2.3470,3,2.0
2.3471,3,15.0
2.3473,3,2.0
2.3474,3,3.0
2.3475,3,14.833333333333371
2.3476,3,1.0
2.3477,3,3.0
2.3478,3,3.0
2.3479,3,2.0
2.348,3,5.0
2.3480,3,4.0
2.3482,3,14.666666666666742
2.3483,3,3.0
2.3484,3,3.0
2.3485,3,3.0
2.3486,3,2.4499999999999886
2.3487,3,2.5
2.3488,3,3.0
2.3489,3,3.0
2.349,3,7.0
2.3490,3,3.0
2.3491,3,3.1499999999999773
2.3492,3,12.599999999999909
2.3493,3,9.400000000000091
2.3498,3,4.5
2.3499,3,4.116666666666674
2.350,3,3.8000000000000114
2.3500,3,30.0
2.3502,3,9.200000000000045
2.3503,3,12.200000000000045
2.3504,3,1.5499999999999545
2.3505,3,1.5833333333332575
2.3506,3,3.849999999999909
2.3507,3,4.116666666666674
2.3508,3,4.25
2.3509,3,1.5
2.3510,3,4.0
2.3511,3,5.449999999999989
2.3512,3,5.550000000000182
2.3513,3,5.633333333333326
2.3514,3,1.3999999999999773
2.3515,3,2.0
2.3516,3,3.1666666666666288
2.3517,3,2.0
2.3518,3,3.6666666666667425
2.3519,3,3.5
2.352,3,2.6666666666666856
2.3520,3,4.0
2.3521,3,3.5666666666667197
2.3522,3,3.4333333333332803
2.3523,3,3.7999999999999545
2.3524,3,3.5
2.3525,3,4.0
2.3526,3,3.5
2.3527,3,3.400000000000091
2.3528,3,3.6000000000000227
2.3529,3,2.0
2.353,3,3.3333333333333712
2.3530,3,4.0
2.3531,3,3.75
2.3532,3,4.0
2.3533,3,4.0
2.3534,3,4.0
2.3535,3,2.0
2.3536,3,2.0
2.3537,3,2.0
2.3538,3,2.6000000000000227
2.3539,3,2.6000000000000227
2.354,3,3.5
2.3540,3,2.7999999999999545
2.3541,3,2.6000000000001364
2.3542,3,2.6000000000001364
2.3543,3,2.7999999999999545
2.3547,3,4.333333333333485
2.3548,3,4.1666666666667425
2.3549,3,4.0
2.355,3,3.5
2.3550,3,4.366666666666561
2.3551,3,4.133333333333439
2.3552,3,4.0
2.3553,3,4.616666666666674
2.3554,3,5.0
2.3555,3,5.0
2.3556,3,5.0
2.3557,3,1.6333333333333258
2.3558,3,1.716666666666697
2.3559,3,3.0
2.3560,3,5.0
2.3561,3,44.0
2.3562,3,4.25
2.3563,3,4.366666666666674
2.3564,3,4.5
2.3565,3,4.75
2.3566,3,2.5
2.3567,3,6.0
2.3569,3,4.0
2.357,3,4.3333333333332575
2.3570,3,5.0
2.3571,3,10.0
2.3572,3,9.25
2.3573,3,5.0
2.358,3,4.0
2.3589,3,1.1000000000000227
2.3599,3,10.833333333333258
2.36,3,4.0
2.360,3,8.666666666666515
2.3600,3,4.0
2.362,3,5.0
2.363,3,3.5666666666667197
2.364,3,3.5666666666668334
2.365,3,1.6666666666667425
2.366,3,4.0
2.368,3,0.8333333333333712
2.369,3,6.0
2.370,3,2.0
2.371,3,2.033333333333303
2.372,3,10.0
2.373,3,0.6666666666666288
2.374,3,5.25
2.375,3,1.599999999999909
2.376,3,1.6000000000000227
2.377,3,3.0
2.378,3,1.5833333333333712
2.38,3,2.0
2.380,3,1.8333333333333712
2.381,3,4.0
2.382,3,10.733333333333348
2.383,3,3.0
2.385,3,4.0
2.387,3,1.1000000000000227
2.388,3,8.0
2.389,3,0.8000000000000682
2.39,3,1.9166666666667425
2.390,3,2.0
2.391,3,2.0
2.392,3,2.0
2.393,3,7.4500000000000455
2.394,3,2.0
2.395,3,6.0
2.396,3,3.0500000000000114
2.397,3,1.6666666666666288
2.398,3,1.75
2.399,3,3.0
2.4,3,3.5
2.400,3,2.3500000000000227
2.402,3,4.416666666666515
2.406,3,2.0
2.407,3,3.5
2.408,3,3.3333333333332575
2.409,3,1.0
2.41,3,1.0
2.410,3,8.283333333333417
2.411,3,61.0
2.412,3,2.0
2.413,3,1.4500000000000455
2.42,3,0.6499999999999773
2.420,3,7.399999999999977
2.421,3,0.599999999999909
2.423,3,3.0
2.424,3,3.0
2.425,3,2.8166666666667197
2.426,3,2.9166666666666288
2.427,3,5.0
2.428,3,0.9333333333332803
2.43,3,1.0
2.430,3,3.7000000000000455
2.431,3,2.0
2.432,3,4.0
2.435,3,4.850000000000023
2.436,3,4.566666666666606
2.437,3,1.2999999999999545
2.44,3,1.0
2.440,3,2.533333333333303
2.441,3,1.6833333333332803
2.442,3,3.3999999999999773
2.444,3,6.0
2.445,3,4.633333333333326
2.446,3,2.9500000000000455
2.447,3,1.3999999999999773
2.449,3,1.0
2.450,3,1.0
2.453,3,2.5
2.454,3,1.0
2.455,3,1.1666666666666288
2.458,3,1.0
2.459,3,1.349999999999909
2.460,3,1.3833333333333258
2.464,3,3.1666666666667425
2.466,3,3.1999999999999886
2.469,3,2.2000000000000455
2.47,3,4.0
2.470,3,4.5
2.471,3,3.8333333333332575
2.472,3,1.283333333333303
2.475,3,1.3333333333333712
2.476,3,1.716666666666697
2.477,3,3.6666666666667425
2.478,3,3.0
2.479,3,1.7666666666666515
2.48,3,0.8999999999999773
2.481,3,0.9166666666667425
2.482,3,3.400000000000091
2.483,3,1.0
2.484,3,1.5
2.485,3,1.0
2.487,3,1.5
2.488,3,3.4166666666667425
2.491,3,2.0
2.492,3,0.6666666666667425
2.493,3,1.0
2.494,3,0.7999999999999545
2.495,3,1.25
2.496,3,1.849999999999909
2.497,3,1.3333333333333712
2.499,3,1.4166666666667425
2.5,3,5.866666666666674
2.501,3,2.0
2.502,3,1.2000000000000455
2.503,3,0.7666666666666515
2.504,3,3.3333333333333712
2.505,3,0.75
2.506,3,4.166666666666629
2.508,3,2.5
2.509,3,2.4333333333332803
2.51,3,2.5
2.510,3,2.283333333333303
2.511,3,2.0
2.512,3,1.4500000000000455
2.515,3,3.5
2.516,3,1.0
2.517,3,4.0
2.519,3,3.4333333333332803
2.52,3,4.0
2.520,3,1.8833333333334394
2.522,3,8.133333333333326
2.523,3,8.56666666666672
2.524,3,1.0
2.525,3,2.1666666666667425
2.526,3,2.0
2.527,3,1.6666666666667425
2.528,3,9.43333333333328
2.529,3,1.0
2.531,3,2.800000000000068
2.532,3,2.8000000000000114
2.533,3,4.0
2.534,3,0.6666666666667425
2.536,3,8.633333333333326
2.537,3,9.566666666666606
2.54,3,3.6666666666666288
2.540,3,3.2000000000000455
2.541,3,1.6666666666667425
2.542,3,1.75
2.544,3,2.25
2.545,3,15.299999999999955
2.546,3,2.25
2.547,3,2.0
2.548,3,1.6000000000000227
2.549,3,1.283333333333303
2.55,3,0.8999999999999773
2.550,3,1.1666666666667425
2.552,3,1.0
2.554,3,2.75
2.556,3,1.0
2.557,3,2.0
2.559,3,3.3333333333333712
2.56,3,3.3999999999999773
2.560,3,1.716666666666697
2.561,3,1.0
2.562,3,3.199999999999932
2.564,3,1.5
2.565,3,2.3500000000000227
2.567,3,7.333333333333371
2.569,3,3.8999999999999773
2.570,3,9.200000000000045
2.571,3,45.0
2.572,3,2.0
2.574,3,2.7999999999999545
2.576,3,5.283333333333303
2.577,3,1.75
2.578,3,3.5
2.58,3,1.0
2.581,3,13.0
2.584,3,1.2333333333333485
2.585,3,3.0
2.586,3,1.25
2.588,3,5.0
2.589,3,2.283333333333303
2.590,3,8.0
2.591,3,2.3333333333333712
2.592,3,3.3333333333332575
2.594,3,9.399999999999977
2.597,3,4.333333333333371
2.598,3,7.600000000000136
2.6,3,3.0
2.60,3,1.0
2.603,3,1.433333333333394
2.604,3,6.0
2.605,3,1.3333333333332575
2.607,3,1.1666666666667425
2.609,3,3.3333333333333712
2.61,3,6.0
2.610,3,3.1333333333333258
2.611,3,3.1499999999999773
2.612,3,3.1999999999999886
2.613,3,3.0
2.614,3,1.1499999999999773
2.615,3,8.433333333333167
2.616,3,8.350000000000023
2.618,3,4.0
2.619,3,4.0
2.62,3,5.283333333333417
2.621,3,4.0
2.622,3,2.0
2.623,3,3.0
2.624,3,5.0
2.626,3,1.216666666666697
2.627,3,2.933333333333337
2.628,3,2.8666666666666742
2.629,3,1.150000000000091
2.63,3,1.0
2.630,3,3.3999999999999773
2.632,3,8.5
2.633,3,1.3333333333332575
2.634,3,2.0
2.635,3,2.3666666666666742
2.638,3,3.900000000000091
2.639,3,4.400000000000091
2.64,3,7.0
2.640,3,4.533333333333303
2.641,3,1.283333333333303
2.642,3,2.8666666666666742
2.643,3,3.6000000000001364
2.644,3,2.0
2.645,3,5.0
2.647,3,12.0
2.648,3,11.333333333333258
2.649,3,2.0
2.65,3,1.0
2.650,3,3.0
2.651,3,3.8999999999998636
2.652,3,2.0
2.654,3,3.183333333333394
2.655,3,3.25
2.656,3,2.8666666666666742
2.657,3,2.8333333333333144
2.659,3,2.0
2.661,3,9.299999999999955
2.662,3,0.8333333333332575
2.663,3,10.349999999999909
2.666,3,14.433333333333394
2.667,3,1.0
2.669,3,75.0
2.670,3,56.933333333333394
2.671,3,53.200000000000045
2.673,3,52.25
2.674,3,53.183333333333394
2.675,3,54.133333333333326
2.676,3,55.06666666666672
2.678,3,55.0
2.679,3,55.0
2.680,3,75.0
2.681,3,2.5
2.682,3,2.0
2.683,3,8.399999999999977
2.684,3,40.0
2.685,3,40.0
2.686,3,40.0
2.687,3,40.0
2.688,3,40.0
2.689,3,40.0
2.69,3,0.8333333333334849
2.690,3,40.0
2.691,3,40.0
2.692,3,40.0
2.693,3,40.0
2.694,3,40.0
2.695,3,40.0
2.696,3,40.0
2.697,3,2.0
2.698,3,0.9333333333331666
2.699,3,1.033333333333303
2.7,3,2.0
2.70,3,11.0
2.700,3,1.5
2.701,3,2.2000000000000455
2.702,3,4.0
2.703,3,0.75
2.704,3,1.0
2.705,3,2.1499999999999773
2.707,3,1.683333333333394
2.708,3,1.7666666666667084
2.709,3,1.2000000000000455
2.71,3,1.933333333333394
2.711,3,1.75
2.712,3,2.0
2.713,3,1.900000000000091
2.716,3,3.25
2.717,3,3.3333333333333712
2.719,3,10.0
2.721,3,2.0
2.722,3,0.9166666666666856
2.723,3,1.0
2.725,3,1.6666666666667425
2.727,3,2.400000000000091
2.728,3,4.883333333333326
2.729,3,4.899999999999864
2.73,3,3.1833333333332803
2.731,3,1.6333333333333258
2.732,3,2.0
2.733,3,1.8833333333333258
2.734,3,1.8333333333332575
2.735,3,7.0
2.737,3,2.0
2.74,3,11.0
2.742,3,4.283333333333303
2.743,3,5.0
2.744,3,2.566666666666606
2.747,3,10.0
2.748,3,2.6000000000000227
2.749,3,3.0166666666666515
2.752,3,1.0
2.753,3,3.6000000000001364
2.754,3,1.3333333333332575
2.755,3,1.0
2.760,3,3.7999999999999545
2.761,3,1.0833333333332575
2.762,3,1.3333333333332575
2.763,3,1.1666666666666288
2.764,3,2.0
2.765,3,1.6000000000000227
2.766,3,5.666666666666629
2.768,3,3.0
2.769,3,4.466666666666697
2.770,3,1.433333333333394
2.771,3,6.666666666666629
2.772,3,0.8666666666666742
2.773,3,0.8333333333333712
2.774,3,2.0
2.776,3,10.0
2.777,3,0.7666666666666515
2.778,3,2.6666666666667425
2.780,3,0.900000000000091
2.783,3,1.0
2.784,3,0.6333333333334394
2.787,3,1.8333333333333712
2.788,3,2.8666666666666742
2.789,3,6.0
2.79,3,5.0
2.791,3,10.233333333333348
2.793,3,3.6666666666666288
2.795,3,3.25
2.796,3,3.5
2.797,3,3.0
2.8,3,4.7999999999999545
2.80,3,5.3333333333332575
2.800,3,8.399999999999977
2.803,3,1.0
2.804,3,0.9166666666667425
2.805,3,2.1166666666666742
2.806,3,1.2333333333333485
2.807,3,2.0
2.808,3,2.3666666666666742
2.809,3,0.8333333333332575
2.81,3,5.3333333333332575
2.810,3,2.3666666666665606
2.813,3,1.716666666666697
2.814,3,1.0
2.816,3,4.0
2.817,3,1.400000000000091
2.818,3,2.1333333333334394
2.819,3,1.0
2.82,3,2.5
2.820,3,3.099999999999909
2.821,3,4.100000000000023
2.822,3,0.6333333333334394
2.823,3,3.2000000000000455
2.824,3,3.0
2.825,3,5.0
2.826,3,5.0
2.827,3,9.200000000000045
2.828,3,4.0
2.83,3,12.0
2.830,3,9.0
2.831,3,2.716666666666697
2.835,3,9.600000000000136
2.838,3,14.88333333333344
2.839,3,2.1333333333333258
2.84,3,4.583333333333371
2.841,3,1.0
2.842,3,1.1666666666667425
2.843,3,3.0
2.844,3,8.0
2.845,3,4.333333333333371
2.847,3,2.0
2.848,3,1.1666666666666288
2.849,3,1.2999999999999545
2.85,3,13.850000000000023
2.850,3,1.4333333333332803
2.851,3,1.8166666666667197
2.852,3,1.8833333333333258
2.853,3,1.9500000000000455
2.854,3,15.0
2.855,3,5.6666666666667425
2.856,3,1.6000000000001364
2.857,3,5.0
2.858,3,3.5
2.859,3,0.5666666666666629
2.861,3,12.0
2.863,3,9.0
2.864,3,2.0
2.865,3,2.0
2.866,3,2.6666666666666288
2.867,3,1.0
2.868,3,0.6999999999999886
2.871,3,1.0
2.872,3,27.0
2.873,3,1.966666666666697
2.874,3,1.6666666666667425
2.875,3,0.8666666666666742
2.877,3,1.400000000000091
2.878,3,8.5
2.879,3,3.8333333333333144
2.88,3,3.0
2.880,3,2.716666666666697
2.882,3,9.099999999999909
2.883,3,30.0
2.8839,3,16.0
2.884,3,30.0
2.885,3,3.6999999999999886
2.887,3,2.7333333333333485
2.888,3,3.3333333333333712
2.889,3,3.2000000000000455
2.89,3,7.0
2.893,3,7.0
2.894,3,9.0
2.895,3,0.6666666666666288
2.897,3,2.0
2.898,3,2.216666666666697
2.899,3,1.900000000000091
2.90,3,7.0
2.902,3,4.0
2.903,3,3.6666666666666288
2.904,3,9.25
2.905,3,8.0
2.906,3,6.666666666666629
2.907,3,0.6666666666667425
2.908,3,44.83333333333337
2.909,3,45.0
2.91,3,1.2000000000000455
2.910,3,5.0
2.911,3,5.0
2.912,3,3.0
2.913,3,1.3999999999999773
2.914,3,1.0
2.915,3,1.0
2.916,3,2.0
2.917,3,2.0
2.92,3,1.2333333333333485
2.921,3,2.0
2.922,3,2.5
2.923,3,3.0
2.925,3,11.333333333333371
2.9256,3,3.75
2.927,3,1.25
2.928,3,0.783333333333303
2.929,3,0.6666666666666288
2.930,3,2.0
2.931,3,3.283333333333303
2.932,3,1.6666666666666288
2.9323,3,1.7000000000000455
2.933,3,3.0
2.934,3,2.6000000000000227
2.936,3,1.2000000000000455
2.937,3,1.2000000000000455
2.938,3,7.0
2.9390,3,3.5
2.9391,3,2.0
2.9398,3,1.4166666666667425
2.94,3,0.8500000000000227
2.940,3,1.5
2.941,3,0.7000000000000455
2.942,3,5.383333333333326
2.943,3,4.0
2.9438,3,5.133333333333326
2.945,3,3.433333333333394
2.946,3,1.1166666666666742
2.947,3,1.0
2.9477,3,15.0
2.949,3,1.2000000000000455
2.95,3,1.349999999999909
2.9534,3,8.0
2.954,3,2.0
2.9544,3,5.71666666666647
2.9545,3,7.666666666666515
2.9546,3,8.0
2.955,3,0.6666666666667425
2.9556,3,7.0
2.9557,3,23.0
2.956,3,0.6666666666667425
2.957,3,2.0
2.959,3,2.0
2.96,3,2.6000000000000227
2.960,3,1.6666666666667425
2.962,3,1.2999999999999545
2.963,3,4.0
2.965,3,1.716666666666697
2.967,3,4.5
2.968,3,4.666666666666629
2.969,3,14.0
2.97,3,8.399999999999977
2.970,3,13.716666666666697
2.971,3,1.566666666666606
2.972,3,2.0
2.973,3,1.4666666666665833
2.974,3,1.3333333333333712
2.975,3,1.3000000000000114
2.977,3,2.3333333333333144
2.978,3,90.0
2.979,3,9.100000000000023
2.98,3,2.1666666666666288
2.980,3,9.399999999999977
2.981,3,9.5
2.983,3,10.0
2.984,3,10.0
2.985,3,10.0
2.986,3,90.0
2.988,3,2.3999999999999773
2.989,3,2.3333333333332575
2.99,3,2.8333333333332575
2.990,3,0.7999999999999545
2.991,3,2.0
2.993,3,2.0
2.994,3,2.8333333333332575
2.995,3,2.0
2.996,3,0.9500000000000455
2.997,3,2.0
2.998,3,1.5
2.999,3,1.9166666666666288