stop_id,route_id,avg_time
1000,125,30.0
1001,112,22.0
1001,114,30.0
1002,125,30.0
1003,125,30.0
1004,127,30.0
1005,127,30.0
1006,125,30.0
1007,125,30.0
1008,112,19.566666666666606
1008,114,2.28333333333336
1009,125,30.0
1010,127,30.0
1010,126,30.0
1010,128,30.0
1011,127,30.0
1012,127,30.0
1013,112,30.0
1013,114,30.0
1014,125,30.0
1015,126,30.0
1016,125,6.81666666666672
1017,126,30.0
1018,127,2.0
1018,128,1.5
1019,112,30.0
1019,114,30.0
1020,127,30.0
1021,112,30.0
1021,114,30.0
1022,127,30.0
1023,112,30.0
1023,114,30.0
1024,112,30.0
1024,114,30.0
1025,125,30.0
1026,126,30.0
1027,126,30.0
1028,127,30.0
1029,125,30.0
1029,128,30.0
1030,127,30.0
1030,128,30.0
1031,112,30.0
1032,126,30.0
1033,126,30.0
1034,112,30.0
1034,114,30.0
1035,127,30.0
1036,112,30.0
1036,114,30.0
1037,126,30.0
1038,125,30.0
1039,114,30.0
1040,126,30.0
1041,112,30.0
1041,114,30.0
1042,124,30.0
1042,122,6.4833333333333485
1042,121,60.0
1043,125,30.0
1044,114,30.0
1045,127,30.0
1045,128,30.0
1046,112,23.149999999999977
1046,114,30.0
1047,126,30.0
1048,115,30.0
1048,114,30.0
1049,125,30.0
1049,128,30.0
1050,124,30.0
1050,122,60.00000000000006
1050,121,60.0
1051,126,30.0
1052,126,30.0
1053,127,30.0
1054,125,30.0
1055,124,30.0
1055,122,60.00000000000006
1055,121,60.0
1056,126,30.0
1057,126,30.0
1058,124,30.0
1058,122,60.01666666666688
1058,121,60.0
1059,114,30.0
1060,112,25.566666666666606
1060,114,30.0
1061,115,30.0
1062,127,30.0
1062,128,30.0
1063,125,30.0
1064,127,30.0
1065,126,30.0
1066,125,30.0
1066,128,30.0
1067,124,30.0
1067,122,60.0
1067,121,60.0
1068,124,30.0
1068,122,60.00000000000006
1068,121,60.0
1069,115,30.0
1070,112,30.0
1071,112,30.0
1072,112,28.0
1072,114,25.0
1073,115,30.0
1074,126,30.0
1075,112,27.5
1076,114,30.0
1077,122,60.01666666666665
1077,121,60.0
1078,124,30.0
1079,126,30.0
1080,112,25.25
1081,122,60.0
1081,121,60.0
1082,127,30.0
1082,128,30.0
1083,117,40.0
1084,126,30.0
1085,125,30.0
1085,128,30.0
1086,125,30.0
1087,127,30.0
1088,124,30.0
1089,124,30.0
1090,127,30.0
1090,126,30.0
1090,125,30.0
1090,128,30.0
1091,112,23.0
1092,119,60.0
1093,125,30.0
1093,127,30.0
1093,126,30.0
1093,128,30.0
1094,117,40.0
1094,116,51.0
1095,124,30.0
1096,115,30.0
1097,122,20.80000000000001
1097,121,19.38333333333344
1098,124,30.0
1099,125,25.0
1099,127,25.0
1099,126,25.0
1099,128,15.0
1099,129,15.0
1100,115,30.0
1101,120,18.75
1101,122,24.05000000000001
1101,121,23.75
1102,117,40.0
1103,120,30.000000000000057
1103,115,30.0
1103,122,37.2833333333333
1103,114,30.0
1103,121,60.0
1104,116,50.91666666666663
1105,115,30.0
1105,114,30.0
1106,115,30.0
1106,114,30.0
1107,120,25.0
1107,115,30.0
1107,122,27.26666666666665
1107,121,28.13333333333344
1108,120,30.0
1108,122,60.0
1108,121,60.0
1109,124,30.0
1110,115,30.0
1110,120,30.0
1110,122,60.0
1110,121,60.0
1111,115,30.0
1112,112,30.0
1113,117,40.0
1113,129,30.0
1114,120,30.0
1115,117,17.0
1115,116,51.0
1116,117,40.0
1116,129,30.0
1117,115,30.0
1118,112,30.0
1119,115,30.0
1120,115,30.0
1121,117,40.0
1122,117,40.0
1122,116,50.84999999999991
1123,117,40.0
1124,124,30.0
1125,115,30.0
1126,115,30.0
1127,124,30.0
1128,115,30.0
1129,117,40.0
1129,116,51.0
1130,112,30.0
1131,116,90.0
1132,117,40.0
1132,116,90.0
1132,129,30.0
1133,112,30.0
1134,120,30.0
1135,115,30.0
1136,117,40.0
1136,116,90.0
1136,129,30.0
1137,116,90.0
1138,116,90.0
1139,117,40.0
1139,116,50.69999999999993
1140,115,30.0
1141,117,40.0
1142,117,40.0
1143,116,59.5
1144,117,40.0
1144,116,39.23333333333335
1145,113,30.0
1146,115,30.0
1146,112,30.0
1147,117,40.0
1147,116,90.0
1148,113,30.0
1149,116,90.0
1150,116,90.0
1151,120,30.0
1152,117,40.0
1152,116,90.0
1153,120,30.0
1154,124,30.0
1155,115,30.0
1156,124,30.0
1157,116,90.0
1158,113,30.0
1159,113,30.0
1160,120,30.0
1161,117,40.0
1161,116,90.0
1162,115,30.0
1163,113,30.0
1164,115,12.0
1164,123,30.0
1164,112,9.0
1164,116,90.0
1165,117,40.0
1166,113,30.0
1167,112,30.0
1167,115,14.216666666666697
1167,123,30.0
1167,116,90.0
1168,124,30.0
1169,116,50.69999999999999
1170,113,30.0
1171,124,30.0
1172,112,30.0
1172,116,90.0
1173,117,40.0
1173,116,90.0
1174,120,23.56666666666672
1174,122,45.43333333333334
1174,121,40.18333333333328
1175,119,5.283333333333303
1176,112,5.833333333333371
1176,115,30.0
1176,123,30.0
1176,116,10.5
1177,123,30.0
1177,112,30.0
1177,115,30.0
1177,116,90.0
1177,113,30.0
1178,116,90.0
1179,124,30.0
1179,116,90.0
1180,116,50.61666666666656
1181,113,30.0
1182,117,40.0
1182,116,90.0
1183,117,40.0
1184,124,30.0
1184,112,30.0
1184,123,30.0
1185,112,5.25
1185,115,30.0
1185,123,30.0
1185,116,11.25
1186,113,30.0
1187,120,30.000000000000114
1187,122,60.0
1187,121,60.0
1188,113,30.0
1189,123,30.0
1189,112,30.0
1189,115,30.0
1189,116,90.0
1189,113,30.0
1190,120,30.0
1190,122,60.0
1190,121,60.0
1191,119,10.56666666666672
1192,123,30.0
1193,117,40.0
1193,116,90.0
1194,112,30.0
1194,123,30.0
1195,123,30.0
1196,113,30.0
1197,123,30.0
1198,123,30.0
1199,120,30.0
1199,124,30.0
1199,122,60.0
1199,121,60.0
1200,120,30.0
1200,124,30.0
1200,112,30.0
1200,122,60.0
1200,115,30.0
1200,113,30.0
1200,123,30.0
1200,116,90.0
1200,121,60.0
1201,117,40.0
1201,116,90.0
1202,115,30.0
1202,123,30.0
1203,120,30.0
1203,124,30.0
1203,116,90.0
1203,122,60.0
1203,121,60.0
1204,120,30.000000000000114
1204,124,30.0
1204,122,60.0
1204,121,60.0
1205,117,40.0
1205,116,90.0
1206,123,30.0
1207,112,30.0
1207,123,30.0
1208,115,30.0
1208,123,30.0
1208,113,30.0
1209,123,30.0
1210,117,40.0
1210,116,90.0
1211,112,30.0
1211,123,30.0
1212,117,40.0
1212,116,90.0
1213,119,15.850000000000023
1214,118,10.75
1214,119,13.0
1215,123,30.0
1216,112,30.0
1217,112,30.0
1218,124,30.0
1219,112,30.0
1219,115,30.0
1219,123,30.0
1219,116,90.0
1220,112,30.0
1221,118,17.916666666666686
1221,119,50.5333333333333
1222,118,14.333333333333371
1222,119,47.83333333333337
1223,117,40.0
1223,116,90.0
1224,112,30.0
1224,123,30.0
1225,112,30.0
1225,123,30.0
1226,123,30.0
1226,112,30.0
1227,116,90.0
1228,118,21.5
1228,116,80.0
1228,119,53.25
1229,118,7.1666666666667425
1229,119,8.666666666666629
1230,112,30.0
1230,123,30.0
1231,112,30.0
1231,124,30.0
1231,123,30.0
1232,123,30.0
1233,124,30.0
1234,118,30.0
1234,119,60.0
1235,123,30.0
1236,123,30.0
1237,112,30.0
1237,123,22.316666666666606
1238,112,30.0
1239,118,30.0
1239,119,60.0
1240,123,30.0
1241,118,30.0
1241,116,77.68333333333317
1241,119,60.0
1242,123,30.0
1243,118,30.0
1243,119,37.0
1244,118,3.5833333333333712
1244,119,4.333333333333371
1245,123,30.0
1245,124,30.0
1246,118,30.0
1246,116,75.35000000000002
1246,119,60.0
1247,123,30.0
1248,123,30.0
1249,123,30.0
1301,104,125.0
1303,104,125.0
1305,104,125.0
1307,104,125.0
1309,111,57.85000000000002
1310,111,60.0
1315,111,51.383333333333326
1316,111,60.00000000000006
1318,111,55.700000000000045
1323,111,53.55000000000007
1325,111,240.0
1328,140,180.0
1329,140,180.00000000000006
1330,109,130.0
1333,140,180.0
1334,104,125.0
1335,111,47.08333333333337
1336,103,125.0
1337,140,180.0
1338,140,180.00000000000006
1340,140,180.0
1342,103,125.0
1344,140,180.0
1345,140,180.00000000000006
1346,111,44.916666666666686
1349,140,180.00000000000006
1351,140,180.0
1352,109,130.0
1353,140,180.0
1354,140,180.0
1355,140,180.0
1356,109,130.0
1359,103,27.0
1359,104,43.0
1359,105,38.0
1360,111,32.0
1361,103,125.0
1362,140,180.0
1364,111,31.80000000000001
1367,111,34.14999999999998
1368,111,42.76666666666671
1371,109,130.0
1373,111,240.0
1374,140,180.0
1375,111,36.30000000000001
1376,109,130.0
1377,111,60.0
1382,111,38.44999999999999
1383,111,240.0
1385,111,60.0
1388,140,180.0
1389,109,130.0
1390,109,130.0
1392,111,40.616666666666674
1393,103,125.0
1395,109,130.0
1398,103,125.0
1399,109,130.0
1401,111,43.19999999999999
1402,109,130.0
1403,140,13.0
1406,109,130.0
1410,109,130.0
1411,109,130.0
1412,109,130.0
1413,111,240.0
1414,141,180.0
1415,111,60.0
1416,141,180.0
1417,141,180.0
1419,105,125.0
1420,111,240.0
1421,141,180.0
1422,141,180.0
1423,109,130.0
1424,111,60.0
1425,141,180.0
1426,111,240.0
1427,141,180.00000000000006
1428,141,180.0
1429,141,180.00000000000006
1430,109,130.0
1431,140,180.00000000000006
1431,141,180.0
1431,142,555.0000000000001
1432,111,54.0
1433,141,180.00000000000006
1434,140,180.0
1434,141,180.0
1434,142,555.0
1435,141,180.0
1436,141,180.0
1437,111,180.0
1438,140,180.0
1438,141,180.0
1438,142,555.0
1439,141,180.00000000000006
1440,105,125.0
1441,141,180.0
1443,141,180.0
1444,140,180.0
1444,141,180.0
1444,142,18.200000000000045
1446,140,25.25
1446,141,20.25
1446,142,25.25
1447,141,180.0
1449,142,555.0
1451,140,180.0
1451,141,180.0
1451,142,554.9999999999999
1456,142,555.0
1463,140,27.5
1463,141,22.5
1463,142,27.5
1464,142,13.166666666666742
1466,109,130.0
1467,105,125.0
1468,138,166.0
1470,109,130.0
1471,138,166.0
1472,132,153.0
1472,131,None
1473,142,10.583333333333371
1474,138,166.0
1475,138,166.0
1476,137,129.0
1476,134,None
1477,140,29.75
1477,141,24.75
1477,142,29.75
1478,138,166.0
1479,109,130.0
1481,137,129.0
1481,134,None
1482,138,166.0
1483,138,166.0
1484,138,166.0
1485,109,130.0
1486,132,153.0
1486,131,None
1487,109,130.0
1488,109,130.0
1489,109,130.0
1490,142,8.0
1491,137,129.0
1491,133,5.0
1491,134,None
1492,142,2.6666666666667425
1493,140,32.0
1493,141,27.0
1493,142,32.0
1494,138,166.0
1496,132,153.0
1496,133,5.0
1496,134,None
1496,131,None
1497,142,555.0000000000001
1499,132,153.0
1499,131,None
1500,137,129.0
1500,134,None
1501,137,129.0
1501,133,5.0
1501,134,None
1502,142,555.0
1503,140,34.25
1503,141,29.25
1503,142,34.25
1504,133,5.0
1504,134,None
1504,131,None
1505,137,129.0
1505,134,None
1507,133,5.0
1507,138,166.0
1508,109,130.0
1509,139,83.0
1510,139,83.0
1511,142,555.0
1512,109,130.0
1513,109,130.0
1514,132,153.0
1514,131,None
1515,138,166.0
1516,132,153.0
1516,133,5.0
1516,134,None
1516,131,None
1517,137,129.0
1517,139,83.0
1517,134,None
1518,132,153.0
1518,133,5.0
1518,139,83.0
1518,134,None
1518,131,None
1519,139,83.0
1520,138,166.0
1521,109,130.0
1522,133,5.0
1523,139,83.0
1524,132,153.0
1524,133,5.0
1524,139,83.0
1524,134,None
1524,131,None
1525,139,83.0
1526,109,130.0
1527,132,153.0
1527,133,5.0
1527,134,None
1527,131,None
1528,137,129.0
1528,140,36.5
1528,133,5.0
1528,141,31.5
1528,142,36.5
1528,134,None
1529,138,166.0
1530,130,400.0
1530,131,None
1531,137,129.0
1531,134,None
1532,138,166.0
1533,137,129.0
1533,134,None
1534,132,153.0
1534,131,None
1535,132,153.0
1535,133,5.0
1535,139,83.0
1535,134,None
1535,131,None
1536,133,5.0
1536,138,166.0
1537,109,130.0
1538,138,166.0
1539,139,83.0
1540,138,166.0
1541,138,166.0
1542,137,129.0
1542,139,83.0
1542,134,None
1543,139,83.0
1544,109,130.0
1545,130,400.0
1545,131,None
1546,133,5.0
1546,136,238.0
1546,134,None
1547,137,129.0
1547,138,166.0
1547,134,None
1548,132,153.0
1548,133,5.0
1548,134,None
1548,131,None
1549,137,129.0
1549,134,None
1550,138,166.0
1551,130,400.0
1551,131,None
1552,133,5.0
1552,138,166.0
1553,132,153.0
1553,131,None
1554,130,400.0
1554,131,None
1555,132,153.0
1555,130,400.0
1555,133,5.0
1555,139,83.0
1555,134,None
1555,131,17.0
1556,133,5.0
1556,138,166.0
1556,134,None
1557,137,129.0
1557,132,153.0
1557,138,166.0
1557,134,None
1557,131,None
1558,133,2.0
1558,138,166.0
1558,134,None
1559,139,83.0
1560,130,400.0
1560,131,None
1561,130,400.0
1561,131,None
1562,110,15.0
1563,138,166.0
1564,139,83.0
1565,140,38.75
1565,133,5.0
1565,141,33.75
1565,138,166.0
1565,142,38.75
1565,134,None
1566,139,83.0
1567,133,5.0
1567,138,166.0
1568,137,129.0
1568,133,5.0
1568,134,None
1569,133,5.0
1569,136,238.0
1569,134,None
1570,132,153.0
1570,130,400.0
1570,133,5.0
1570,139,14.0
1570,134,None
1570,131,17.0
1571,139,83.0
1572,137,129.0
1572,134,None
1573,132,153.0
1573,138,166.0
1573,139,83.0
1573,131,None
1574,140,41.0
1574,141,36.0
1574,142,41.0
1575,130,400.0
1575,139,83.0
1576,136,238.0
1576,131,None
1577,136,238.0
1577,139,83.0
1578,136,238.0
1578,131,None
1579,132,153.0
1579,130,400.0
1579,133,5.0
1579,136,238.0
1579,139,83.0
1579,134,None
1579,131,17.0
1580,136,238.0
1581,139,83.0
1582,137,129.0
1582,134,None
1583,133,5.0
1583,138,166.0
1584,132,153.0
1584,130,400.0
1584,133,5.0
1584,136,238.0
1584,139,83.0
1584,134,None
1584,131,17.0
1585,140,43.25
1585,133,5.0
1585,141,38.25
1585,138,166.0
1585,142,43.25
1585,134,None
1586,132,153.0
1586,139,83.0
1587,135,150.0
1588,136,238.0
1588,131,None
1589,136,238.0
1589,131,None
1590,136,238.0
1590,131,None
1591,136,238.0
1592,132,153.0
1592,130,400.0
1592,133,5.0
1592,139,83.0
1592,134,None
1592,131,17.0
1593,130,400.0
1593,139,83.0
1593,131,None
1594,133,5.0
1594,134,None
1594,131,None
1595,139,83.0
1596,140,45.5
1596,130,400.0
1596,141,40.5
1596,136,238.0
1596,142,45.5
1597,137,129.0
1597,132,153.0
1597,130,400.0
1597,133,5.0
1597,138,166.0
1597,136,238.0
1597,139,83.0
1597,135,150.0
1597,134,19.0
1597,131,None
1598,130,400.0
1598,139,83.0
1599,136,238.0
1600,136,238.0
1601,135,150.0
1602,132,153.0
1602,137,129.0
1602,130,400.0
1602,140,47.75
1602,133,5.0
1602,138,166.0
1602,141,42.75
1602,136,238.0
1602,139,83.0
1602,142,47.75
1602,135,150.0
1602,134,None
1602,131,None
1603,132,153.0
1603,130,400.0
1603,133,5.0
1603,139,83.0
1603,134,None
1603,131,None
1604,132,153.0
1604,130,400.0
1604,133,5.0
1604,138,166.0
1604,136,238.0
1604,139,83.0
1604,134,None
1604,131,None
1605,139,83.0
1606,130,400.0
1606,136,238.0
1607,132,153.0
1607,130,400.0
1607,133,5.0
1607,136,238.0
1607,139,83.0
1607,135,150.0
1607,134,None
1607,131,None
1608,130,400.0
1608,136,238.0
1609,132,153.0
1609,130,400.0
1609,133,5.0
1609,136,238.0
1609,139,83.0
1609,135,150.0
1609,134,None
1609,131,None
1610,132,153.0
1610,130,400.0
1610,133,5.0
1610,138,166.0
1610,136,238.0
1610,139,83.0
1610,134,None
1610,131,None
1611,130,400.0
1611,136,238.0
1612,136,238.0
1613,137,129.0
1613,135,150.0
1614,135,150.0
1615,132,153.0
1615,130,400.0
1615,133,5.0
1615,136,238.0
1615,139,83.0
1615,135,150.0
1615,134,None
1615,131,None
1616,107,30.0
1617,135,150.0
1618,135,150.0
1619,106,30.0
1620,132,35.0
1620,137,21.0
1620,130,33.0
1620,140,50.0
1620,133,5.0
1620,138,34.0
1620,141,45.0
1620,136,30.0
1620,139,45.0
1620,142,50.0
1620,135,24.0
1620,134,41.0
1620,131,45.0
1621,106,30.0
1622,107,30.0
1623,106,30.0
1624,107,30.0
1625,107,30.0
1626,106,30.0
1627,106,30.0
1628,106,30.0
1629,107,30.0
1630,110,20.0
1631,107,30.0
1632,108,210.0
1633,135,9.0
1634,108,40.80000000000018
1635,108,210.0
1636,107,30.0
1637,108,210.0
1638,108,210.0
1639,107,30.0
1640,107,30.0
1640,106,30.0
1641,106,30.0
1642,108,38.0
1643,106,30.0
1644,106,30.0
1645,106,30.0
1646,106,30.0
1647,108,51.60000000000002
1647,107,30.0
1648,108,6.133333333333326
1648,107,30.0
1649,107,30.0
1650,108,34.66666666666674
1651,108,52.0
1651,107,30.0
1652,106,30.0
1653,106,1.1666666666667425
1654,106,30.0
1655,108,31.333333333333485
1656,107,30.0
1657,106,30.0
1658,108,52.26666666666665
1658,107,30.0
1659,107,30.0
1660,106,30.0
1661,107,30.0
1662,107,30.0
1663,106,30.0
1664,107,30.0
1664,106,30.0
1665,106,30.0
1665,107,30.0
1666,108,210.0
1667,108,28.0
1668,108,210.0
1669,108,210.0
1670,108,210.0
1671,108,21.0
1672,108,19.666666666666742
1673,108,18.333333333333485
1674,108,17.0
1675,108,15.666666666666742
1676,108,14.333333333333485
1677,108,13.0
1678,108,8.666666666666742
1679,108,4.333333333333485
1680,108,210.0
1681,101,330.0
1682,101,330.0
1683,101,330.0
1684,101,330.0
1685,101,340.0
1686,101,330.0
1687,101,120.0
1688,101,340.0
1689,101,33.0
1690,101,330.0
1691,101,38.0
1693,102,30.0
1700,102,30.0
1700,101,330.0
1702,100,26.0
1702,101,339.73333333333335
1703,101,329.26666666666665
1705,101,130.0
1707,102,30.0
1711,102,21.416666666666515
1711,101,45.0
1712,100,30.0
1713,102,30.0
1714,100,30.0
1715,100,30.0
1716,100,23.75
1716,101,109.09999999999991
1717,100,30.0
1720,102,30.0
1720,101,330.0
1721,100,21.483333333333235
1721,101,103.63333333333344
1724,102,30.0
1725,102,30.0
1725,101,52.0
1726,100,30.0
1728,100,19.23333333333335
1728,101,98.16666666666674
1730,100,30.0
1731,100,30.0
1732,100,16.18333333333328
1732,101,329.6333333333333
1733,100,12.56666666666672
1733,101,84.54999999999995
1736,102,8.533333333333417
1736,101,57.0
1737,100,30.0
1738,101,92.73333333333335
1739,101,340.0
1740,101,79.09999999999991
1741,102,30.0
1742,102,30.0
1742,101,330.0
1744,100,30.0
1745,100,30.0
1746,101,329.45000000000005
1747,101,340.0
1748,101,339.8166666666667
1749,102,30.0
1751,100,30.0
1751,102,30.0
1752,102,30.0
1753,100,30.0
1753,102,30.0
1753,101,60.0
1755,100,30.0
1756,101,339.26666666666665
1757,100,30.0
1757,102,30.0
1758,102,30.0
1759,100,30.0
1759,102,30.0
1760,100,30.0
1760,102,30.0
1761,100,30.0
1761,102,30.0
1762,100,30.0
1762,102,30.0
1763,100,30.0
1763,102,30.0
1764,100,30.0
1764,102,30.0
1765,100,30.0
1765,102,30.0
1765,101,68.1833333333334
1770,100,30.0
1770,102,30.0
1772,100,30.0
1772,102,30.0
1774,100,30.0
1774,102,30.0
1775,100,30.0
1775,102,30.0
1777,100,30.0
1777,102,30.0
1900,123,30.0
1901,122,60.01666666666688
1902,122,60.0
1903,122,60.0