service_id,date,exception_type
001100,20171201,1
002100,20171201,1
004024,20171201,1
005100,20171201,1
001400,20171202,1
002400,20171202,1
004002,20171202,1
005400,20171202,1
001500,20171203,1
002500,20171203,1
004002,20171203,1
005500,20171203,1
001000,20171204,1
002000,20171204,1
004014,20171204,1
005000,20171204,1
001100,20171205,1
002100,20171205,1
004024,20171205,1
005100,20171205,1
001500,20171206,1
002500,20171206,1
004002,20171206,1
005500,20171206,1
001100,20171207,1
002100,20171207,1
004002,20171207,1
005100,20171207,1
001400,20171208,1
002400,20171208,1
004002,20171208,1
005400,20171208,1
001400,20171209,1
002400,20171209,1
004002,20171209,1
005400,20171209,1
001500,20171210,1
002500,20171210,1
004002,20171210,1
005500,20171210,1
001000,20171211,1
002000,20171211,1
004014,20171211,1
005000,20171211,1
001000,20171212,1
002000,20171212,1
004014,20171212,1
005000,20171212,1
001000,20171213,1
002000,20171213,1
004014,20171213,1
005000,20171213,1
001000,20171214,1
002000,20171214,1
004014,20171214,1
005000,20171214,1
001100,20171215,1
002100,20171215,1
004024,20171215,1
005100,20171215,1
001400,20171216,1
002400,20171216,1
004002,20171216,1
005400,20171216,1
001500,20171217,1
002500,20171217,1
004002,20171217,1
005500,20171217,1
001000,20171218,1
002000,20171218,1
004014,20171218,1
005000,20171218,1
001000,20171219,1
002000,20171219,1
004014,20171219,1
005000,20171219,1
001000,20171220,1
002000,20171220,1
004014,20171220,1
005000,20171220,1
001000,20171221,1
002000,20171221,1
004014,20171221,1
005000,20171221,1
001100,20171222,1
002100,20171222,1
004024,20171222,1
005100,20171222,1
001400,20171223,1
002400,20171223,1
004002,20171223,1
005400,20171223,1
001406,20171224,1
002424,20171224,1
004002,20171224,1
005400,20171224,1
001400,20171225,1
002400,20171225,1
004024,20171225,1
005400,20171225,1
001500,20171226,1
002500,20171226,1
004002,20171226,1
005500,20171226,1
001600,20171227,1
002000,20171227,1
004014,20171227,1
005600,20171227,1
001600,20171228,1
002000,20171228,1
004014,20171228,1
005600,20171228,1
001700,20171229,1
002100,20171229,1
004024,20171229,1
005700,20171229,1
001400,20171230,1
002400,20171230,1
004002,20171230,1
005400,20171230,1
001402,20171231,1
002431,20171231,1
004002,20171231,1
005400,20171231,1
001504,20180101,1
002501,20180101,1
004002,20180101,1
005500,20180101,1
001600,20180102,1
002000,20180102,1
004014,20180102,1
005600,20180102,1
001600,20180103,1
002000,20180103,1
004014,20180103,1
005600,20180103,1
001600,20180104,1
002000,20180104,1
004014,20180104,1
005600,20180104,1
001700,20180105,1
002100,20180105,1
004024,20180105,1
005700,20180105,1
001400,20180106,1
002400,20180106,1
004002,20180106,1
005400,20180106,1
001500,20180107,1
002500,20180107,1
004002,20180107,1
005500,20180107,1
001000,20180108,1
002000,20180108,1
004014,20180108,1
005000,20180108,1
001000,20180109,1
002000,20180109,1
004014,20180109,1
005000,20180109,1
001000,20180110,1
002000,20180110,1
004014,20180110,1
005000,20180110,1
001000,20180111,1
002000,20180111,1
004014,20180111,1
005000,20180111,1
001100,20180112,1
002100,20180112,1
004024,20180112,1
005100,20180112,1
001400,20180113,1
002400,20180113,1
004002,20180113,1
005400,20180113,1
001500,20180114,1
002500,20180114,1
004002,20180114,1
005500,20180114,1
001000,20180115,1
002000,20180115,1
004014,20180115,1
005000,20180115,1
001000,20180116,1
002000,20180116,1
004014,20180116,1
005000,20180116,1
001000,20180117,1
002000,20180117,1
004014,20180117,1
005000,20180117,1
001000,20180118,1
002000,20180118,1
004014,20180118,1
005000,20180118,1
001100,20180119,1
002100,20180119,1
004024,20180119,1
005100,20180119,1
001400,20180120,1
002400,20180120,1
004002,20180120,1
005400,20180120,1
001500,20180121,1
002500,20180121,1
004002,20180121,1
005500,20180121,1
001000,20180122,1
002000,20180122,1
004014,20180122,1
005000,20180122,1
001000,20180123,1
002000,20180123,1
004014,20180123,1
005000,20180123,1
001000,20180124,1
002000,20180124,1
004014,20180124,1
005000,20180124,1
001000,20180125,1
002000,20180125,1
004014,20180125,1
005000,20180125,1
001100,20180126,1
002100,20180126,1
004024,20180126,1
005100,20180126,1
001400,20180127,1
002400,20180127,1
004002,20180127,1
005400,20180127,1
001500,20180128,1
002500,20180128,1
004002,20180128,1
005500,20180128,1
001000,20180129,1
002000,20180129,1
004014,20180129,1
005000,20180129,1
001000,20180130,1
002000,20180130,1
004014,20180130,1
005000,20180130,1
001000,20180131,1
002000,20180131,1
004014,20180131,1
005000,20180131,1
001000,20180201,1
002000,20180201,1
004014,20180201,1
005000,20180201,1
001100,20180202,1
002100,20180202,1
004024,20180202,1
005100,20180202,1
001400,20180203,1
002400,20180203,1
004002,20180203,1
005400,20180203,1
001500,20180204,1
002500,20180204,1
004002,20180204,1
005500,20180204,1
001000,20180205,1
002000,20180205,1
004014,20180205,1
005000,20180205,1
001000,20180206,1
002000,20180206,1
004014,20180206,1
005000,20180206,1
001000,20180207,1
002000,20180207,1
004014,20180207,1
005000,20180207,1
001000,20180208,1
002000,20180208,1
004014,20180208,1
005000,20180208,1
001100,20180209,1
002100,20180209,1
004024,20180209,1
005100,20180209,1
001400,20180210,1
002400,20180210,1
004002,20180210,1
005400,20180210,1
001500,20180211,1
002500,20180211,1
004002,20180211,1
005500,20180211,1
001000,20180212,1
002000,20180212,1
004014,20180212,1
005000,20180212,1
001000,20180213,1
002000,20180213,1
004014,20180213,1
005000,20180213,1
001000,20180214,1
002000,20180214,1
004014,20180214,1
005000,20180214,1
001000,20180215,1
002000,20180215,1
004014,20180215,1
005000,20180215,1
001100,20180216,1
002100,20180216,1
004024,20180216,1
005100,20180216,1
001400,20180217,1
002400,20180217,1
004002,20180217,1
005400,20180217,1
001500,20180218,1
002500,20180218,1
004002,20180218,1
005500,20180218,1
001000,20180219,1
002000,20180219,1
004014,20180219,1
005000,20180219,1
001000,20180220,1
002000,20180220,1
004014,20180220,1
005000,20180220,1
001000,20180221,1
002000,20180221,1
004014,20180221,1
005000,20180221,1
001000,20180222,1
002000,20180222,1
004014,20180222,1
005000,20180222,1
001100,20180223,1
002100,20180223,1
004024,20180223,1
005100,20180223,1
001400,20180224,1
002400,20180224,1
004002,20180224,1
005400,20180224,1
001500,20180225,1
002500,20180225,1
004002,20180225,1
005500,20180225,1
001000,20180226,1
002000,20180226,1
004014,20180226,1
005000,20180226,1
001000,20180227,1
002000,20180227,1
004014,20180227,1
005000,20180227,1
001000,20180228,1
002000,20180228,1
004014,20180228,1
005000,20180228,1
001000,20180301,1
002000,20180301,1
004014,20180301,1
005000,20180301,1
001100,20180302,1
002100,20180302,1
004024,20180302,1
005100,20180302,1
001400,20180303,1
002400,20180303,1
004002,20180303,1
005400,20180303,1
001500,20180304,1
002500,20180304,1
004002,20180304,1
005500,20180304,1
001000,20180305,1
002000,20180305,1
004014,20180305,1
005000,20180305,1
001000,20180306,1
002000,20180306,1
004014,20180306,1
005000,20180306,1
001000,20180307,1
002000,20180307,1
004014,20180307,1
005000,20180307,1
001000,20180308,1
002000,20180308,1
004014,20180308,1
005000,20180308,1
001100,20180309,1
002100,20180309,1
004024,20180309,1
005100,20180309,1
001400,20180310,1
002400,20180310,1
004002,20180310,1
005400,20180310,1
001500,20180311,1
002500,20180311,1
004002,20180311,1
005500,20180311,1
001000,20180312,1
002000,20180312,1
004014,20180312,1
005000,20180312,1
001000,20180313,1
002000,20180313,1
004014,20180313,1
005000,20180313,1
001000,20180314,1
002000,20180314,1
004014,20180314,1
005000,20180314,1
001000,20180315,1
002000,20180315,1
004014,20180315,1
005000,20180315,1
001100,20180316,1
002100,20180316,1
004024,20180316,1
005100,20180316,1
001400,20180317,1
002400,20180317,1
004002,20180317,1
005400,20180317,1
001500,20180318,1
002500,20180318,1
004002,20180318,1
005500,20180318,1
001000,20180319,1
002000,20180319,1
004014,20180319,1
005000,20180319,1
001000,20180320,1
002000,20180320,1
004014,20180320,1
005000,20180320,1
001000,20180321,1
002000,20180321,1
004014,20180321,1
005000,20180321,1
001000,20180322,1
002000,20180322,1
004014,20180322,1
005000,20180322,1
001100,20180323,1
002100,20180323,1
004024,20180323,1
005100,20180323,1
001400,20180324,1
002400,20180324,1
004001,20180324,1
005400,20180324,1
001500,20180325,1
002500,20180325,1
004001,20180325,1
005500,20180325,1
001600,20180326,1
002000,20180326,1
004001,20180326,1
005600,20180326,1
001600,20180327,1
002000,20180327,1
004001,20180327,1
005600,20180327,1
001600,20180328,1
002000,20180328,1
004001,20180328,1
005600,20180328,1
001700,20180329,1
002100,20180329,1
004001,20180329,1
005700,20180329,1
001400,20180330,1
002400,20180330,1
004001,20180330,1
005400,20180330,1
001400,20180331,1
002400,20180331,1
004001,20180331,1
005400,20180331,1
001400,20180401,1
002400,20180401,1
004001,20180401,1
005400,20180401,1
001500,20180402,1
002500,20180402,1
004001,20180402,1
005500,20180402,1
001000,20180403,1
002000,20180403,1
004003,20180403,1
005000,20180403,1
001000,20180404,1
002000,20180404,1
004003,20180404,1
005000,20180404,1
001000,20180405,1
002000,20180405,1
004003,20180405,1
005000,20180405,1
001100,20180406,1
002100,20180406,1
004003,20180406,1
005100,20180406,1
001400,20180407,1
002400,20180407,1
004001,20180407,1
005400,20180407,1
001500,20180408,1
002500,20180408,1
004001,20180408,1
005500,20180408,1
001000,20180409,1
002000,20180409,1
004003,20180409,1
005000,20180409,1
001000,20180410,1
002000,20180410,1
004003,20180410,1
005000,20180410,1
001000,20180411,1
002000,20180411,1
004003,20180411,1
005000,20180411,1
001000,20180412,1
002000,20180412,1
004003,20180412,1
005000,20180412,1
001100,20180413,1
002100,20180413,1
004003,20180413,1
005100,20180413,1
001400,20180414,1
002400,20180414,1
004001,20180414,1
005400,20180414,1
001500,20180415,1
002500,20180415,1
004001,20180415,1
005500,20180415,1
001000,20180416,1
002000,20180416,1
004003,20180416,1
005000,20180416,1
001000,20180417,1
002000,20180417,1
004003,20180417,1
005000,20180417,1
001000,20180418,1
002000,20180418,1
004003,20180418,1
005000,20180418,1
001000,20180419,1
002000,20180419,1
004003,20180419,1
005000,20180419,1
001100,20180420,1
002100,20180420,1
004003,20180420,1
005100,20180420,1
001400,20180421,1
002400,20180421,1
004001,20180421,1
005400,20180421,1
001500,20180422,1
002500,20180422,1
004001,20180422,1
005500,20180422,1
001000,20180423,1
002000,20180423,1
004003,20180423,1
005000,20180423,1
001000,20180424,1
002000,20180424,1
004003,20180424,1
005000,20180424,1
001000,20180425,1
002000,20180425,1
004003,20180425,1
005000,20180425,1
001000,20180426,1
002000,20180426,1
004003,20180426,1
005000,20180426,1
001100,20180427,1
002100,20180427,1
004003,20180427,1
005100,20180427,1
001400,20180428,1
002400,20180428,1
004001,20180428,1
005400,20180428,1
001500,20180429,1
002500,20180429,1
004001,20180429,1
005500,20180429,1
001100,20180430,1
002100,20180430,1
004001,20180430,1
005100,20180430,1
001500,20180501,1
002500,20180501,1
004001,20180501,1
005500,20180501,1
001000,20180502,1
002000,20180502,1
004003,20180502,1
005000,20180502,1
001000,20180503,1
002000,20180503,1
004003,20180503,1
005000,20180503,1
001100,20180504,1
002100,20180504,1
004003,20180504,1
005100,20180504,1
001400,20180505,1
002400,20180505,1
004001,20180505,1
005400,20180505,1
001500,20180506,1
002500,20180506,1
004001,20180506,1
005500,20180506,1
001000,20180507,1
002000,20180507,1
004003,20180507,1
005000,20180507,1
001000,20180508,1
002000,20180508,1
004003,20180508,1
005000,20180508,1
001000,20180509,1
002000,20180509,1
004003,20180509,1
005000,20180509,1
001000,20180510,1
002000,20180510,1
004003,20180510,1
005000,20180510,1
001100,20180511,1
002100,20180511,1
004003,20180511,1
005100,20180511,1
001400,20180512,1
002400,20180512,1
004001,20180512,1
005400,20180512,1
001500,20180513,1
002500,20180513,1
004001,20180513,1
005500,20180513,1
001000,20180514,1
002000,20180514,1
004003,20180514,1
005000,20180514,1
001000,20180515,1
002000,20180515,1
004003,20180515,1
005000,20180515,1
001000,20180516,1
002000,20180516,1
004003,20180516,1
005000,20180516,1
001000,20180517,1
002000,20180517,1
004003,20180517,1
005000,20180517,1
001100,20180518,1
002100,20180518,1
004003,20180518,1
005100,20180518,1
001400,20180519,1
002400,20180519,1
004001,20180519,1
005400,20180519,1
001400,20180520,1
002500,20180520,1
004001,20180520,1
005400,20180520,1
001200,20180521,1
002000,20180521,1
004001,20180521,1
005200,20180521,1
001000,20180522,1
002000,20180522,1
004003,20180522,1
005000,20180522,1
001000,20180523,1
002000,20180523,1
004003,20180523,1
005000,20180523,1
001000,20180524,1
002000,20180524,1
004003,20180524,1
005000,20180524,1
001100,20180525,1
002100,20180525,1
004003,20180525,1
005100,20180525,1
001400,20180526,1
002400,20180526,1
004001,20180526,1
005400,20180526,1
001500,20180527,1
002500,20180527,1
004001,20180527,1
005500,20180527,1
001000,20180528,1
002000,20180528,1
004003,20180528,1
005000,20180528,1
001000,20180529,1
002000,20180529,1
004003,20180529,1
005000,20180529,1
001000,20180530,1
002000,20180530,1
004003,20180530,1
005000,20180530,1
001000,20180531,1
002000,20180531,1
004003,20180531,1
005000,20180531,1
001100,20180601,1
002100,20180601,1
004003,20180601,1
005100,20180601,1
001400,20180602,1
002400,20180602,1
004001,20180602,1
005400,20180602,1
001500,20180603,1
002500,20180603,1
004001,20180603,1
005500,20180603,1
001000,20180604,1
002000,20180604,1
004003,20180604,1
005000,20180604,1
001000,20180605,1
002000,20180605,1
004003,20180605,1
005000,20180605,1
001000,20180606,1
002000,20180606,1
004003,20180606,1
005000,20180606,1
001000,20180607,1
002000,20180607,1
004003,20180607,1
005000,20180607,1
001100,20180608,1
002100,20180608,1
004003,20180608,1
005100,20180608,1
001400,20180609,1
002400,20180609,1
004001,20180609,1
005400,20180609,1
001500,20180610,1
002500,20180610,1
004001,20180610,1
005500,20180610,1
001000,20180611,1
002000,20180611,1
004003,20180611,1
005000,20180611,1
001000,20180612,1
002000,20180612,1
004003,20180612,1
005000,20180612,1
001000,20180613,1
002000,20180613,1
004003,20180613,1
005000,20180613,1
001000,20180614,1
002000,20180614,1
004003,20180614,1
005000,20180614,1
001100,20180615,1
002100,20180615,1
004003,20180615,1
005100,20180615,1
001400,20180616,1
002400,20180616,1
004001,20180616,1
005400,20180616,1
001500,20180617,1
002500,20180617,1
004001,20180617,1
005500,20180617,1
001000,20180618,1
002000,20180618,1
004003,20180618,1
005000,20180618,1
001000,20180619,1
002000,20180619,1
004003,20180619,1
005000,20180619,1
001000,20180620,1
002000,20180620,1
004003,20180620,1
005000,20180620,1
001000,20180621,1
002000,20180621,1
004003,20180621,1
005000,20180621,1
001100,20180622,1
002100,20180622,1
004003,20180622,1
005100,20180622,1
001400,20180623,1
002400,20180623,1
004001,20180623,1
005400,20180623,1
001500,20180624,1
002500,20180624,1
004001,20180624,1
005500,20180624,1
001000,20180625,1
002000,20180625,1
004001,20180625,1
005000,20180625,1
001000,20180626,1
002000,20180626,1
004001,20180626,1
005000,20180626,1
001000,20180627,1
002000,20180627,1
004001,20180627,1
005000,20180627,1
001000,20180628,1
002000,20180628,1
004001,20180628,1
005000,20180628,1
001100,20180629,1
002100,20180629,1
004001,20180629,1
005100,20180629,1
001400,20180630,1
002400,20180630,1
004001,20180630,1
005400,20180630,1
001500,20180701,1
002500,20180701,1
004001,20180701,1
005500,20180701,1
001600,20180702,1
002000,20180702,1
004001,20180702,1
005600,20180702,1
001600,20180703,1
002000,20180703,1
004001,20180703,1
005600,20180703,1
001600,20180704,1
002000,20180704,1
004001,20180704,1
005600,20180704,1
001600,20180705,1
002000,20180705,1
004001,20180705,1
005600,20180705,1
001700,20180706,1
002100,20180706,1
004001,20180706,1
005700,20180706,1
001400,20180707,1
002400,20180707,1
004001,20180707,1
005400,20180707,1
001500,20180708,1
002500,20180708,1
004001,20180708,1
005500,20180708,1
001600,20180709,1
002000,20180709,1
004001,20180709,1
005600,20180709,1
001600,20180710,1
002000,20180710,1
004001,20180710,1
005600,20180710,1
001600,20180711,1
002000,20180711,1
004001,20180711,1
005600,20180711,1
001600,20180712,1
002000,20180712,1
004001,20180712,1
005600,20180712,1
001700,20180713,1
002100,20180713,1
004001,20180713,1
005700,20180713,1
001400,20180714,1
002400,20180714,1
004001,20180714,1
005400,20180714,1
001500,20180715,1
002500,20180715,1
004001,20180715,1
005500,20180715,1
001600,20180716,1
002000,20180716,1
004001,20180716,1
005600,20180716,1
001600,20180717,1
002000,20180717,1
004001,20180717,1
005600,20180717,1
001600,20180718,1
002000,20180718,1
004001,20180718,1
005600,20180718,1
001600,20180719,1
002000,20180719,1
004001,20180719,1
005600,20180719,1
001700,20180720,1
002100,20180720,1
004001,20180720,1
005700,20180720,1
001400,20180721,1
002400,20180721,1
004001,20180721,1
005400,20180721,1
001500,20180722,1
002500,20180722,1
004001,20180722,1
005500,20180722,1
001600,20180723,1
002000,20180723,1
004001,20180723,1
005600,20180723,1
001600,20180724,1
002000,20180724,1
004001,20180724,1
005600,20180724,1
001600,20180725,1
002000,20180725,1
004001,20180725,1
005600,20180725,1
001600,20180726,1
002000,20180726,1
004001,20180726,1
005600,20180726,1
001700,20180727,1
002100,20180727,1
004001,20180727,1
005700,20180727,1
001400,20180728,1
002400,20180728,1
004001,20180728,1
005400,20180728,1
001500,20180729,1
002500,20180729,1
004001,20180729,1
005500,20180729,1
001600,20180730,1
002000,20180730,1
004001,20180730,1
005600,20180730,1
001600,20180731,1
002000,20180731,1
004001,20180731,1
005600,20180731,1
001600,20180801,1
002000,20180801,1
004001,20180801,1
005600,20180801,1
001600,20180802,1
002000,20180802,1
004001,20180802,1
005600,20180802,1
001700,20180803,1
002100,20180803,1
004001,20180803,1
005700,20180803,1
001400,20180804,1
002400,20180804,1
004001,20180804,1
005400,20180804,1
001500,20180805,1
002500,20180805,1
004001,20180805,1
005500,20180805,1
001800,20180806,1
002200,20180806,1
004001,20180806,1
005800,20180806,1
001800,20180807,1
002200,20180807,1
004001,20180807,1
005800,20180807,1
001800,20180808,1
002200,20180808,1
004001,20180808,1
005800,20180808,1
001800,20180809,1
002200,20180809,1
004001,20180809,1
005800,20180809,1
001900,20180810,1
002300,20180810,1
004001,20180810,1
005900,20180810,1
001400,20180811,1
002400,20180811,1
004001,20180811,1
005400,20180811,1
001500,20180812,1
002520,20180812,1
004001,20180812,1
005500,20180812,1
001200,20180813,1
002200,20180813,1
004001,20180813,1
005200,20180813,1
001300,20180814,1
002300,20180814,1
004001,20180814,1
005300,20180814,1
001500,20180815,1
002520,20180815,1
004001,20180815,1
005500,20180815,1
001200,20180816,1
002200,20180816,1
004001,20180816,1
005200,20180816,1
001300,20180817,1
002300,20180817,1
004001,20180817,1
005300,20180817,1
001400,20180818,1
002400,20180818,1
004001,20180818,1
005400,20180818,1
001500,20180819,1
002520,20180819,1
004001,20180819,1
005500,20180819,1
001200,20180820,1
002200,20180820,1
004001,20180820,1
005200,20180820,1
001200,20180821,1
002200,20180821,1
004001,20180821,1
005200,20180821,1
001200,20180822,1
002200,20180822,1
004001,20180822,1
005200,20180822,1
001200,20180823,1
002200,20180823,1
004001,20180823,1
005200,20180823,1
001300,20180824,1
002300,20180824,1
004001,20180824,1
005300,20180824,1
001400,20180825,1
002400,20180825,1
004001,20180825,1
005400,20180825,1
001500,20180826,1
002520,20180826,1
004001,20180826,1
005500,20180826,1
001800,20180827,1
002200,20180827,1
004001,20180827,1
005800,20180827,1
001800,20180828,1
002200,20180828,1
004001,20180828,1
005800,20180828,1
001800,20180829,1
002200,20180829,1
004001,20180829,1
005800,20180829,1
001800,20180830,1
002200,20180830,1
004001,20180830,1
005800,20180830,1
001900,20180831,1
002300,20180831,1
004001,20180831,1
005900,20180831,1
001400,20180901,1
002400,20180901,1
004001,20180901,1
005400,20180901,1
001500,20180902,1
002500,20180902,1
004001,20180902,1
005500,20180902,1
001000,20180903,1
002000,20180903,1
004003,20180903,1
005000,20180903,1
001000,20180904,1
002000,20180904,1
004003,20180904,1
005000,20180904,1
001000,20180905,1
002000,20180905,1
004003,20180905,1
005000,20180905,1
001000,20180906,1
002000,20180906,1
004003,20180906,1
005000,20180906,1
001100,20180907,1
002100,20180907,1
004003,20180907,1
005100,20180907,1
001400,20180908,1
002400,20180908,1
004003,20180908,1
005400,20180908,1
001500,20180909,1
002500,20180909,1
004003,20180909,1
005500,20180909,1
001100,20180910,1
002100,20180910,1
004003,20180910,1
005100,20180910,1
001600,20180911,1
002000,20180911,1
004003,20180911,1
005600,20180911,1
001000,20180912,1
002000,20180912,1
004002,20180912,1
005000,20180912,1
001000,20180913,1
002000,20180913,1
004002,20180913,1
005000,20180913,1
001100,20180914,1
002100,20180914,1
004002,20180914,1
005100,20180914,1
001400,20180915,1
002400,20180915,1
004001,20180915,1
005400,20180915,1
001500,20180916,1
002500,20180916,1
004001,20180916,1
005500,20180916,1
001000,20180917,1
002000,20180917,1
004003,20180917,1
005000,20180917,1
001000,20180918,1
002000,20180918,1
004003,20180918,1
005000,20180918,1
001000,20180919,1
002000,20180919,1
004003,20180919,1
005000,20180919,1
001000,20180920,1
002000,20180920,1
004003,20180920,1
005000,20180920,1
001100,20180921,1
002100,20180921,1
004003,20180921,1
005100,20180921,1
001400,20180922,1
002400,20180922,1
004001,20180922,1
005400,20180922,1
001400,20180923,1
002400,20180923,1
004001,20180923,1
005400,20180923,1
001200,20180924,1
002000,20180924,1
004001,20180924,1
005200,20180924,1
001000,20180925,1
002000,20180925,1
004003,20180925,1
005000,20180925,1
001000,20180926,1
002000,20180926,1
004003,20180926,1
005000,20180926,1
001000,20180927,1
002000,20180927,1
004003,20180927,1
005000,20180927,1
001100,20180928,1
002100,20180928,1
004003,20180928,1
005100,20180928,1
001400,20180929,1
002400,20180929,1
004001,20180929,1
005400,20180929,1
001500,20180930,1
002500,20180930,1
004001,20180930,1
005500,20180930,1
001000,20181001,1
002000,20181001,1
004003,20181001,1
005000,20181001,1
001000,20181002,1
002000,20181002,1
004003,20181002,1
005000,20181002,1
001000,20181003,1
002000,20181003,1
004003,20181003,1
005000,20181003,1
001000,20181004,1
002000,20181004,1
004003,20181004,1
005000,20181004,1
001100,20181005,1
002100,20181005,1
004003,20181005,1
005100,20181005,1
001400,20181006,1
002400,20181006,1
004001,20181006,1
005400,20181006,1
001500,20181007,1
002500,20181007,1
004001,20181007,1
005500,20181007,1
001000,20181008,1
002000,20181008,1
004003,20181008,1
005000,20181008,1
001000,20181009,1
002000,20181009,1
004003,20181009,1
005000,20181009,1
001000,20181010,1
002000,20181010,1
004003,20181010,1
005000,20181010,1
001100,20181011,1
002100,20181011,1
004003,20181011,1
005100,20181011,1
001400,20181012,1
002400,20181012,1
004001,20181012,1
005400,20181012,1
001400,20181013,1
002400,20181013,1
004001,20181013,1
005400,20181013,1
001500,20181014,1
002500,20181014,1
004001,20181014,1
005500,20181014,1
001000,20181015,1
002000,20181015,1
004003,20181015,1
005000,20181015,1
001000,20181016,1
002000,20181016,1
004003,20181016,1
005000,20181016,1
001000,20181017,1
002000,20181017,1
004003,20181017,1
005000,20181017,1
001000,20181018,1
002000,20181018,1
004003,20181018,1
005000,20181018,1
001100,20181019,1
002100,20181019,1
004003,20181019,1
005100,20181019,1
001400,20181020,1
002400,20181020,1
004001,20181020,1
005400,20181020,1
001500,20181021,1
002500,20181021,1
004001,20181021,1
005500,20181021,1
001000,20181022,1
002000,20181022,1
004003,20181022,1
005000,20181022,1
001000,20181023,1
002000,20181023,1
004003,20181023,1
005000,20181023,1
001000,20181024,1
002000,20181024,1
004003,20181024,1
005000,20181024,1
001000,20181025,1
002000,20181025,1
004003,20181025,1
005000,20181025,1
001100,20181026,1
002100,20181026,1
004003,20181026,1
005100,20181026,1
001400,20181027,1
002400,20181027,1
004002,20181027,1
005400,20181027,1
001500,20181028,1
002500,20181028,1
004002,20181028,1
005500,20181028,1
001000,20181029,1
002000,20181029,1
004003,20181029,1
005000,20181029,1
001000,20181030,1
002000,20181030,1
004003,20181030,1
005000,20181030,1
001100,20181031,1
002100,20181031,1
004003,20181031,1
005100,20181031,1
001500,20181101,1
002500,20181101,1
004002,20181101,1
005500,20181101,1
001100,20181102,1
002100,20181102,1
004002,20181102,1
005100,20181102,1
001400,20181103,1
002400,20181103,1
004002,20181103,1
005400,20181103,1
001500,20181104,1
002500,20181104,1
004002,20181104,1
005500,20181104,1
001000,20181105,1
002000,20181105,1
004014,20181105,1
005000,20181105,1
001000,20181106,1
002000,20181106,1
004014,20181106,1
005000,20181106,1
001000,20181107,1
002000,20181107,1
004014,20181107,1
005000,20181107,1
001000,20181108,1
002000,20181108,1
004014,20181108,1
005000,20181108,1
001100,20181109,1
002100,20181109,1
004024,20181109,1
005100,20181109,1
001400,20181110,1
002400,20181110,1
004002,20181110,1
005400,20181110,1
001500,20181111,1
002500,20181111,1
004002,20181111,1
005500,20181111,1
001000,20181112,1
002000,20181112,1
004014,20181112,1
005000,20181112,1
001000,20181113,1
002000,20181113,1
004014,20181113,1
005000,20181113,1
001000,20181114,1
002000,20181114,1
004014,20181114,1
005000,20181114,1
001000,20181115,1
002000,20181115,1
004014,20181115,1
005000,20181115,1
001100,20181116,1
002100,20181116,1
004024,20181116,1
005100,20181116,1
001400,20181117,1
002400,20181117,1
004002,20181117,1
005400,20181117,1
001500,20181118,1
002500,20181118,1
004002,20181118,1
005500,20181118,1
001000,20181119,1
002000,20181119,1
004014,20181119,1
005000,20181119,1
001000,20181120,1
002000,20181120,1
004014,20181120,1
005000,20181120,1
001000,20181121,1
002000,20181121,1
004014,20181121,1
005000,20181121,1
001000,20181122,1
002000,20181122,1
004014,20181122,1
005000,20181122,1
001100,20181123,1
002100,20181123,1
004024,20181123,1
005100,20181123,1
001400,20181124,1
002400,20181124,1
004002,20181124,1
005400,20181124,1
001500,20181125,1
002500,20181125,1
004002,20181125,1
005500,20181125,1
001000,20181126,1
002000,20181126,1
004014,20181126,1
005000,20181126,1
001000,20181127,1
002000,20181127,1
004014,20181127,1
005000,20181127,1
001000,20181128,1
002000,20181128,1
004014,20181128,1
005000,20181128,1
001000,20181129,1
002000,20181129,1
004014,20181129,1
005000,20181129,1
001100,20181130,1
002100,20181130,1
004024,20181130,1
005100,20181130,1
001400,20181201,1
002400,20181201,1
004002,20181201,1
005400,20181201,1
001500,20181202,1
002500,20181202,1
004002,20181202,1
005500,20181202,1
001000,20181203,1
002000,20181203,1
004014,20181203,1
005000,20181203,1
001000,20181204,1
002000,20181204,1
004014,20181204,1
005000,20181204,1
001100,20181205,1
002100,20181205,1
004024,20181205,1
005100,20181205,1
001500,20181206,1
002500,20181206,1
004002,20181206,1
005500,20181206,1
001100,20181207,1
002100,20181207,1
004002,20181207,1
005100,20181207,1
001400,20181208,1
002400,20181208,1
004002,20181208,1
005400,20181208,1
001500,20181209,1
002500,20181209,1
004002,20181209,1
005500,20181209,1
001000,20181210,1
002000,20181210,1
004014,20181210,1
005000,20181210,1
001000,20181211,1
002000,20181211,1
004014,20181211,1
005000,20181211,1
001000,20181212,1
002000,20181212,1
004014,20181212,1
005000,20181212,1
001000,20181213,1
002000,20181213,1
004014,20181213,1
005000,20181213,1
001100,20181214,1
002100,20181214,1
004024,20181214,1
005100,20181214,1
001400,20181215,1
002400,20181215,1
004002,20181215,1
005400,20181215,1
001500,20181216,1
002500,20181216,1
004002,20181216,1
005500,20181216,1
001000,20181217,1
002000,20181217,1
004014,20181217,1
005000,20181217,1
001000,20181218,1
002000,20181218,1
004014,20181218,1
005000,20181218,1
001000,20181219,1
002000,20181219,1
004014,20181219,1
005000,20181219,1
001000,20181220,1
002000,20181220,1
004014,20181220,1
005000,20181220,1
001100,20181221,1
002100,20181221,1
004024,20181221,1
005100,20181221,1
001400,20181222,1
002400,20181222,1
004002,20181222,1
005400,20181222,1
001500,20181223,1
002500,20181223,1
004002,20181223,1
005500,20181223,1
001700,20181224,1
002100,20181224,1
004014,20181224,1
005700,20181224,1
001400,20181225,1
002400,20181225,1
004024,20181225,1
005400,20181225,1
001500,20181226,1
002500,20181226,1
004002,20181226,1
005500,20181226,1
001600,20181227,1
002000,20181227,1
004014,20181227,1
005600,20181227,1
001700,20181228,1
002100,20181228,1
004024,20181228,1
005700,20181228,1
001400,20181229,1
002400,20181229,1
004002,20181229,1
005400,20181229,1
001500,20181230,1
002500,20181230,1
004002,20181230,1
005500,20181230,1
001700,20181231,1
002100,20181231,1
004014,20181231,1
005700,20181231,1

009,20180101,1
006,20180102,1
006,20180103,1
006,20180104,1
007,20180105,1
009,20180106,1
009,20180107,1
006,20180108,1
006,20180109,1
006,20180110,1
006,20180111,1
007,20180112,1
020,20180113,1
021,20180114,1
018,20180115,1
018,20180116,1
018,20180117,1
018,20180118,1
019,20180119,1
020,20180120,1
021,20180121,1
018,20180122,1
018,20180123,1
018,20180124,1
018,20180125,1
019,20180126,1
020,20180127,1
021,20180128,1
018,20180129,1
018,20180130,1
018,20180131,1
018,20180201,1
019,20180202,1
020,20180203,1
021,20180204,1
018,20180205,1
018,20180206,1
018,20180207,1
018,20180208,1
019,20180209,1
020,20180210,1
021,20180211,1
018,20180212,1
018,20180213,1
018,20180214,1
018,20180215,1
019,20180216,1
020,20180217,1
021,20180218,1
018,20180219,1
018,20180220,1
018,20180221,1
018,20180222,1
019,20180223,1
020,20180224,1
021,20180225,1
018,20180226,1
018,20180227,1
018,20180228,1
018,20180301,1
019,20180302,1
020,20180303,1
021,20180304,1
018,20180305,1
018,20180306,1
018,20180307,1
018,20180308,1
019,20180309,1
020,20180310,1
021,20180311,1
018,20180312,1
018,20180313,1
018,20180314,1
018,20180315,1
019,20180316,1
020,20180317,1
021,20180318,1
018,20180319,1
018,20180320,1
018,20180321,1
018,20180322,1
019,20180323,1
020,20180324,1
021,20180325,1
018,20180326,1
018,20180327,1
018,20180328,1
018,20180329,1
021,20180330,1
020,20180331,1
021,20180401,1
021,20180402,1
018,20180403,1
018,20180404,1
018,20180405,1
019,20180406,1
020,20180407,1
021,20180408,1
018,20180409,1
018,20180410,1
018,20180411,1
018,20180412,1
019,20180413,1
020,20180414,1
021,20180415,1
018,20180416,1
018,20180417,1
018,20180418,1
018,20180419,1
019,20180420,1
020,20180421,1
021,20180422,1
018,20180423,1
018,20180424,1
018,20180425,1
018,20180426,1
019,20180427,1
020,20180428,1
021,20180429,1
018,20180430,1
021,20180501,1
018,20180502,1
018,20180503,1
019,20180504,1
020,20180505,1
021,20180506,1
018,20180507,1
018,20180508,1
018,20180509,1
018,20180510,1
021,20180511,1
020,20180512,1
021,20180513,1
018,20180514,1
018,20180515,1
018,20180516,1
018,20180517,1
019,20180518,1
020,20180519,1
021,20180520,1
018,20180521,1
018,20180522,1
018,20180523,1
018,20180524,1
019,20180525,1
020,20180526,1
021,20180527,1
018,20180528,1
018,20180529,1
018,20180530,1
018,20180531,1
019,20180601,1
020,20180602,1
021,20180603,1
018,20180604,1
018,20180605,1
018,20180606,1
018,20180607,1
019,20180608,1
020,20180609,1
021,20180610,1
018,20180611,1
018,20180612,1
018,20180613,1
018,20180614,1
019,20180615,1
020,20180616,1
021,20180617,1
018,20180618,1
018,20180619,1
018,20180620,1
018,20180621,1
019,20180622,1
020,20180623,1
021,20180624,1
018,20180625,1
018,20180626,1
018,20180627,1
018,20180628,1
019,20180629,1
020,20180630,1
021,20180701,1
018,20180702,1
018,20180703,1
018,20180704,1
018,20180705,1
019,20180706,1
020,20180707,1
021,20180708,1
018,20180709,1
018,20180710,1
018,20180711,1
018,20180712,1
019,20180713,1
020,20180714,1
021,20180715,1
018,20180716,1
018,20180717,1
018,20180718,1
018,20180719,1
019,20180720,1
020,20180721,1
021,20180722,1
018,20180723,1
018,20180724,1
018,20180725,1
018,20180726,1
019,20180727,1
020,20180728,1
021,20180729,1
018,20180730,1
018,20180731,1
018,20180801,1
018,20180802,1
019,20180803,1
020,20180804,1
021,20180805,1
018,20180806,1
018,20180807,1
018,20180808,1
018,20180809,1
019,20180810,1
020,20180811,1
021,20180812,1
018,20180813,1
018,20180814,1
021,20180815,1
018,20180816,1
019,20180817,1
020,20180818,1
021,20180819,1
018,20180820,1
018,20180821,1
018,20180822,1
018,20180823,1
019,20180824,1
020,20180825,1
021,20180826,1
018,20180827,1
018,20180828,1
018,20180829,1
018,20180830,1
019,20180831,1
020,20180901,1
021,20180902,1
018,20180903,1
018,20180904,1
018,20180905,1
018,20180906,1
019,20180907,1
020,20180908,1
021,20180909,1
018,20180910,1
021,20180911,1
018,20180912,1
018,20180913,1
019,20180914,1
020,20180915,1
021,20180916,1
018,20180917,1
018,20180918,1
018,20180919,1
018,20180920,1
019,20180921,1
020,20180922,1
021,20180923,1
018,20180924,1
018,20180925,1
018,20180926,1
018,20180927,1
019,20180928,1
021,20180929,1
021,20180930,1
018,20181001,1
018,20181002,1
018,20181003,1
018,20181004,1
019,20181005,1
020,20181006,1
021,20181007,1
018,20181008,1
018,20181009,1
018,20181010,1
018,20181011,1
021,20181012,1
020,20181013,1
021,20181014,1
018,20181015,1
018,20181016,1
018,20181017,1
018,20181018,1
019,20181019,1
020,20181020,1
021,20181021,1
018,20181022,1
018,20181023,1
018,20181024,1
018,20181025,1
019,20181026,1
020,20181027,1
021,20181028,1
018,20181029,1
018,20181030,1
018,20181031,1
021,20181101,1
019,20181102,1
020,20181103,1
021,20181104,1
018,20181105,1
018,20181106,1
018,20181107,1
018,20181108,1
019,20181109,1
020,20181110,1
021,20181111,1
018,20181112,1
018,20181113,1
018,20181114,1
018,20181115,1
019,20181116,1
020,20181117,1
021,20181118,1
018,20181119,1
018,20181120,1
018,20181121,1
018,20181122,1
019,20181123,1
020,20181124,1
021,20181125,1
018,20181126,1
018,20181127,1
018,20181128,1
018,20181129,1
019,20181130,1
020,20181201,1
021,20181202,1
018,20181203,1
018,20181204,1
018,20181205,1
021,20181206,1
019,20181207,1
021,20181208,1
021,20181209,1
018,20181210,1
018,20181211,1
018,20181212,1
018,20181213,1
019,20181214,1
020,20181215,1
021,20181216,1
018,20181217,1
018,20181218,1
018,20181219,1
018,20181220,1
019,20181221,1
020,20181222,1
021,20181223,1
018,20181224,1
021,20181225,1
021,20181226,1
018,20181227,1
019,20181228,1
020,20181229,1
021,20181230,1
018,20181231,1
