service_id,monday,tuesday,wednesday,thursday,friday,saturday,sunday,start_date,end_date
128.3.811,1,1,1,1,1,0,0,20110602,20190123
128.3.901,0,0,0,0,0,0,1,20110602,20190123
128.3.1261,0,0,0,0,0,1,0,20110602,20190123
128.3.1576,1,1,1,1,1,0,0,20110602,20190123
128.3.2172,0,0,0,0,0,1,0,20110602,20190123
129.1.766,1,1,1,1,1,0,0,20180123,20190123
129.1.901,0,0,0,0,0,0,1,20180123,20190123
129.1.991,0,0,0,0,0,0,0,20180123,20190123
129.1.1261,0,0,0,0,0,1,0,20180123,20190123
129.1.2172,0,0,0,0,0,1,0,20180123,20190123
130.2.35,1,1,1,1,1,1,1,20090617,20190123
132.6.809,1,1,1,1,1,0,0,20170509,20190123
132.6.899,0,0,0,0,0,1,0,20170509,20190123
132.6.944,0,0,0,0,0,0,1,20170509,20190123
132.6.1034,0,0,0,0,0,0,0,20170509,20190123
137.5.314,0,0,0,0,0,0,1,20140218,20190123
137.5.764,0,0,0,0,0,1,0,20140218,20190123
137.5.809,1,1,1,1,1,0,0,20140218,20190123
137.5.944,0,0,0,0,0,0,1,20140218,20190123
141.7.314,0,0,0,0,0,0,1,20171113,20190123
141.7.494,0,0,0,0,0,1,0,20171113,20190123
141.7.809,1,1,1,1,1,0,0,20171113,20190123
141.7.899,0,0,0,0,0,1,0,20171113,20190123
141.7.944,0,0,0,0,0,0,1,20171113,20190123
141.7.1034,0,0,0,0,0,0,0,20171113,20190123
141.7.1574,0,0,0,0,0,0,0,20171113,20190123
142.5.809,1,1,1,1,1,0,0,20180123,20190123
142.5.899,0,0,0,0,0,1,0,20180123,20190123
142.5.944,0,0,0,0,0,0,1,20180123,20190123
142.5.1034,0,0,0,0,0,0,0,20180123,20190123
143.5.764,0,0,0,0,0,1,0,20171113,20190123
143.5.809,1,1,1,1,1,0,0,20171113,20190123
143.5.944,0,0,0,0,0,0,1,20171113,20190123
145.4.764,0,0,0,0,0,1,0,20140218,20190123
145.4.809,1,1,1,1,1,0,0,20140218,20190123
145.4.944,0,0,0,0,0,0,1,20140218,20190123
145.4.989,0,0,0,0,0,1,1,20140218,20190123
146.4.764,0,0,0,0,0,1,0,20130225,20190123
146.4.809,1,1,1,1,1,0,0,20130225,20190123
146.4.944,0,0,0,0,0,0,1,20130225,20190123
147.5.809,1,1,1,1,1,0,0,20160315,20190123
147.5.899,0,0,0,0,0,1,0,20160315,20190123
147.5.944,0,0,0,0,0,0,1,20160315,20190123
147.5.1034,0,0,0,0,0,0,0,20160315,20190123
156.2.877,0,0,0,0,0,1,0,20180123,20190123
156.2.922,0,0,0,0,0,0,1,20180123,20190123
156.2.1597,1,1,1,1,1,0,0,20180123,20190123
157.4.754,0,0,0,0,0,1,0,20180123,20190123
157.4.799,1,1,1,1,1,0,0,20180123,20190123
158.4.754,0,0,0,0,0,1,0,20170325,20190123
158.4.799,1,1,1,1,1,0,0,20170325,20190123
163.4.2166,1,1,1,1,1,1,0,20170610,20190123
163.4.2168,0,0,0,0,0,0,1,20170610,20190123
163.4.2188,1,1,1,1,1,1,1,20170610,20190123
164.4.754,0,0,0,0,0,1,0,20170325,20190123
164.4.799,1,1,1,1,1,0,0,20170325,20190123
165.5.754,0,0,0,0,0,1,0,20170930,20190123
165.5.799,1,1,1,1,1,0,0,20170930,20190123
167.13.748,0,0,0,0,0,1,0,20170909,20190123
167.13.793,1,1,1,1,1,0,0,20170909,20190123
167.13.928,0,0,0,0,0,0,1,20170909,20190123
170.1.793,1,1,1,1,1,0,0,20180123,20190123
170.1.883,0,0,0,0,0,1,0,20180123,20190123
170.1.928,0,0,0,0,0,0,1,20180123,20190123
170.1.2196,1,1,1,1,1,0,0,20180123,20190123
170.1.2197,1,1,1,1,1,0,0,20180123,20190123
171.3.883,0,0,0,0,0,1,0,20101020,20190123
171.3.928,0,0,0,0,0,0,1,20101020,20190123
171.3.2184,1,1,1,1,1,0,0,20101020,20190123
171.3.2185,1,1,1,1,1,0,0,20101020,20190123
171.3.2196,1,1,1,1,1,0,0,20101020,20190123
171.3.2197,1,1,1,1,1,0,0,20101020,20190123
173.3.748,0,0,0,0,0,1,0,20170206,20190123
173.3.793,1,1,1,1,1,0,0,20170206,20190123
173.3.928,0,0,0,0,0,0,1,20170206,20190123
173.3.973,0,0,0,0,0,1,1,20170206,20190123
177.2.745,0,0,0,0,0,1,0,20180123,20190123
177.2.790,1,1,1,1,1,0,0,20180123,20190123
177.2.925,0,0,0,0,0,0,1,20180123,20190123
181.4.745,0,0,0,0,0,1,0,20140507,20190123
181.4.790,1,1,1,1,1,0,0,20140507,20190123
181.4.925,0,0,0,0,0,0,1,20140507,20190123
194.6.790,1,1,1,1,1,0,0,20171202,20190123
194.6.880,0,0,0,0,0,1,0,20171202,20190123
194.6.925,0,0,0,0,0,0,1,20171202,20190123
194.6.2193,1,1,1,1,1,0,0,20171202,20190123
194.6.2194,1,1,1,1,1,0,0,20171202,20190123
195.6.790,1,1,1,1,1,0,0,20171202,20190123
195.6.880,0,0,0,0,0,1,0,20171202,20190123
195.6.925,0,0,0,0,0,0,1,20171202,20190123
195.6.2193,1,1,1,1,1,0,0,20171202,20190123
195.6.2194,1,1,1,1,1,0,0,20171202,20190123
196.5.790,1,1,1,1,1,0,0,20171202,20190123
196.5.880,0,0,0,0,0,1,0,20171202,20190123
196.5.925,0,0,0,0,0,0,1,20171202,20190123
196.5.1015,1,1,1,1,1,0,0,20171202,20190123
197.3.790,1,1,1,1,1,0,0,20170101,20190123
197.3.880,0,0,0,0,0,1,0,20170101,20190123
197.3.925,0,0,0,0,0,0,1,20170101,20190123
197.3.1015,1,1,1,1,1,0,0,20170101,20190123
198.5.835,1,1,1,1,1,0,0,20120315,20190123
198.5.1600,1,1,1,1,1,0,0,20120315,20190123
198.5.1645,0,0,0,0,0,1,1,20120315,20190123
199.6.25,1,1,1,1,1,1,1,20171114,20190123
200.5.790,1,1,1,1,1,0,0,20171202,20190123
200.5.970,0,0,0,0,0,1,1,20171202,20190123
202.6.787,1,1,1,1,1,0,0,20160716,20190123
202.6.1012,0,0,0,0,0,0,0,20160716,20190123
202.6.1642,0,0,0,0,0,1,1,20160716,20190123
203.3.787,1,1,1,1,1,0,0,20180123,20190123
203.3.1012,0,0,0,0,0,0,0,20180123,20190123
203.3.1642,0,0,0,0,0,1,1,20180123,20190123
204.3.787,1,1,1,1,1,0,0,20180123,20190123
204.3.877,0,0,0,0,0,1,0,20180123,20190123
204.3.922,0,0,0,0,0,0,1,20180123,20190123
204.3.1012,0,0,0,0,0,0,0,20180123,20190123
206.6.742,0,0,0,0,0,1,0,20091112,20190123
206.6.787,1,1,1,1,1,0,0,20091112,20190123
206.6.922,0,0,0,0,0,0,1,20091112,20190123
206.6.967,0,0,0,0,0,1,1,20091112,20190123
207.2.787,1,1,1,1,1,0,0,20170227,20190123
207.2.1012,0,0,0,0,0,0,0,20170227,20190123
207.2.1642,0,0,0,0,0,1,1,20170227,20190123
208.4.787,1,1,1,1,1,0,0,20160716,20190123
208.4.1012,0,0,0,0,0,0,0,20160716,20190123
208.4.1642,0,0,0,0,0,1,1,20160716,20190123
209.4.832,1,1,1,1,1,0,0,20110602,20190123
209.4.922,0,0,0,0,0,0,1,20110602,20190123
209.4.1147,1,1,1,1,1,1,0,20110602,20190123
209.4.1597,1,1,1,1,1,0,0,20110602,20190123
210.3.1822,1,1,1,1,1,1,1,20170601,20190123
210.3.2187,1,1,1,1,1,1,1,20170601,20190123
211.4.1462,0,0,0,0,0,1,1,20170601,20190123
211.4.1507,0,0,0,0,0,1,1,20170601,20190123
211.4.1597,1,1,1,1,1,0,0,20170601,20190123
212.4.1597,1,1,1,1,1,0,0,20171202,20190123
212.4.1867,0,0,0,0,0,0,0,20171202,20190123
212.4.1912,0,0,0,0,0,1,1,20171202,20190123
212.4.1957,0,0,0,0,0,0,1,20171202,20190123
213.4.787,1,1,1,1,1,0,0,20171016,20190123
213.4.877,0,0,0,0,0,1,0,20171016,20190123
213.4.1012,0,0,0,0,0,0,0,20171016,20190123
214.5.748,0,0,0,0,0,1,0,20170504,20190123
214.5.793,1,1,1,1,1,0,0,20170504,20190123
214.5.928,0,0,0,0,0,0,1,20170504,20190123
215.4.748,0,0,0,0,0,1,0,20170222,20190123
215.4.793,1,1,1,1,1,0,0,20170222,20190123
215.4.928,0,0,0,0,0,0,1,20170222,20190123
216.2.44,1,1,1,1,1,1,1,20180123,20190123
217.2.44,1,1,1,1,1,1,1,20180123,20190123
218.5.44,1,1,1,1,1,1,1,20160903,20190123
219.3.22,1,1,1,1,1,1,1,20180123,20190123
220.7.22,1,1,1,1,1,1,1,20171202,20190123
221.2.22,1,1,1,1,1,1,1,20180123,20190123
222.4.22,1,1,1,1,1,1,1,20100714,20190123
223.9.22,1,1,1,1,1,1,1,20170110,20190123
224.6.22,1,1,1,1,1,1,1,20170110,20190123
225.4.44,1,1,1,1,1,1,1,20150621,20190123
226.3.44,1,1,1,1,1,1,1,20171218,20190123
227.4.44,1,1,1,1,1,1,1,20140430,20190123
228.3.44,1,1,1,1,1,1,1,20170127,20190123
229.6.44,1,1,1,1,1,1,1,20140303,20190123
230.3.44,1,1,1,1,1,1,1,20140215,20190123
231.6.44,1,1,1,1,1,1,1,20160903,20190123
232.5.44,1,1,1,1,1,1,1,20170822,20190123
234.5.28,1,1,1,1,1,1,1,20160916,20190123
235.6.568,1,1,1,1,1,1,0,20170918,20190123
236.7.2175,0,0,0,0,0,0,0,20170918,20190123
236.7.2176,0,0,0,0,0,0,1,20170918,20190123
237.6.1611,1,1,1,1,1,0,0,20170110,20190123
248.7.745,0,0,0,0,0,1,0,20140507,20190123
248.7.790,1,1,1,1,1,0,0,20140507,20190123
248.7.925,0,0,0,0,0,0,1,20140507,20190123
249.6.745,0,0,0,0,0,1,0,20170101,20190123
249.6.790,1,1,1,1,1,0,0,20170101,20190123
249.6.970,0,0,0,0,0,1,1,20170101,20190123
250.3.745,0,0,0,0,0,1,0,20130515,20190123
250.3.790,1,1,1,1,1,0,0,20130515,20190123
251.2.799,1,1,1,1,1,0,0,20140526,20190123
251.2.1024,0,0,0,0,0,0,0,20140526,20190123
252.3.799,1,1,1,1,1,0,0,20140526,20190123
252.3.1024,0,0,0,0,0,0,0,20140526,20190123
264.6.787,1,1,1,1,1,0,0,20120315,20190123
264.6.877,0,0,0,0,0,1,0,20120315,20190123
264.6.1012,0,0,0,0,0,0,0,20120315,20190123
265.6.787,1,1,1,1,1,0,0,20120315,20190123
265.6.877,0,0,0,0,0,1,0,20120315,20190123
265.6.1012,0,0,0,0,0,0,0,20120315,20190123
267.2.838,1,1,1,1,1,0,0,20171113,20190123
267.2.1603,1,1,1,1,1,0,0,20171113,20190123
268.4.22,1,1,1,1,1,1,1,20160716,20190123
269.1.35,1,1,1,1,1,1,1,20090617,20190123
292.7.790,1,1,1,1,1,0,0,20171202,20190123
292.7.880,0,0,0,0,0,1,0,20171202,20190123
292.7.1015,1,1,1,1,1,0,0,20171202,20190123
296.2.854,1,1,1,1,1,0,0,20140611,20190123
297.3.854,1,1,1,1,1,0,0,20140611,20190123
298.1.944,0,0,0,0,0,0,1,20111219,20190123
299.3.764,0,0,0,0,0,1,0,20160315,20190123
299.3.809,1,1,1,1,1,0,0,20160315,20190123
299.3.944,0,0,0,0,0,0,1,20160315,20190123
300.3.764,0,0,0,0,0,1,0,20160315,20190123
300.3.809,1,1,1,1,1,0,0,20160315,20190123
300.3.944,0,0,0,0,0,0,1,20160315,20190123
301.2.764,0,0,0,0,0,1,0,20160315,20190123
301.2.809,1,1,1,1,1,0,0,20160315,20190123
301.2.944,0,0,0,0,0,0,1,20160315,20190123
302.3.764,0,0,0,0,0,1,0,20141201,20190123
302.3.809,1,1,1,1,1,0,0,20141201,20190123
302.3.944,0,0,0,0,0,0,1,20141201,20190123
305.5.764,0,0,0,0,0,1,0,20140218,20190123
305.5.809,1,1,1,1,1,0,0,20140218,20190123
307.6.764,0,0,0,0,0,1,0,20150505,20190123
307.6.809,1,1,1,1,1,0,0,20150505,20190123
309.6.809,1,1,1,1,1,0,0,20141110,20190123
309.6.1034,0,0,0,0,0,0,0,20141110,20190123
310.4.1079,1,1,1,1,1,1,0,20170509,20190123
310.4.1169,1,1,1,1,1,1,0,20170509,20190123
313.7.764,0,0,0,0,0,1,0,20171113,20190123
313.7.809,1,1,1,1,1,0,0,20171113,20190123
313.7.944,0,0,0,0,0,0,1,20171113,20190123
313.7.989,0,0,0,0,0,1,1,20171113,20190123
318.6.314,0,0,0,0,0,0,1,20171010,20190123
318.6.764,0,0,0,0,0,1,0,20171010,20190123
318.6.809,1,1,1,1,1,0,0,20171010,20190123
318.6.899,0,0,0,0,0,1,0,20171010,20190123
318.6.944,0,0,0,0,0,0,1,20171010,20190123
318.6.1034,0,0,0,0,0,0,0,20171010,20190123
324.5.809,1,1,1,1,1,0,0,20180123,20190123
324.5.899,0,0,0,0,0,1,0,20180123,20190123
324.5.944,0,0,0,0,0,0,1,20180123,20190123
324.5.1034,0,0,0,0,0,0,0,20180123,20190123
325.5.764,0,0,0,0,0,1,0,20160315,20190123
325.5.809,1,1,1,1,1,0,0,20160315,20190123
325.5.944,0,0,0,0,0,0,1,20160315,20190123
326.4.314,0,0,0,0,0,0,1,20171215,20190123
326.4.494,0,0,0,0,0,1,0,20171215,20190123
326.4.809,1,1,1,1,1,0,0,20171215,20190123
326.4.899,0,0,0,0,0,1,0,20171215,20190123
326.4.944,0,0,0,0,0,0,1,20171215,20190123
326.4.1034,0,0,0,0,0,0,0,20171215,20190123
327.4.809,1,1,1,1,1,0,0,20170615,20190123
327.4.899,0,0,0,0,0,1,0,20170615,20190123
327.4.944,0,0,0,0,0,0,1,20170615,20190123
327.4.1034,0,0,0,0,0,0,0,20170615,20190123
328.7.764,0,0,0,0,0,1,0,20170711,20190123
328.7.809,1,1,1,1,1,0,0,20170711,20190123
329.4.314,0,0,0,0,0,0,1,20170228,20190123
329.4.764,0,0,0,0,0,1,0,20170228,20190123
329.4.809,1,1,1,1,1,0,0,20170228,20190123
329.4.944,0,0,0,0,0,0,1,20170228,20190123
333.7.314,0,0,0,0,0,0,1,20171010,20190123
333.7.764,0,0,0,0,0,1,0,20171010,20190123
333.7.809,1,1,1,1,1,0,0,20171010,20190123
333.7.944,0,0,0,0,0,0,1,20171010,20190123
333.7.2183,1,1,1,1,1,1,0,20171010,20190123
349.2.889,0,0,0,0,0,1,0,20150501,20190123
349.2.2195,0,0,0,0,0,0,1,20150501,20190123
361.2.2177,1,1,1,1,1,0,0,20140922,20190123
367.1.89,0,0,0,1,0,0,0,20160915,20190123
367.1.674,0,0,0,0,1,1,0,20160915,20190123
394.1.877,0,0,0,0,0,1,0,20170601,20190123
394.1.2189,1,1,1,1,0,0,1,20170601,20190123
395.1.44,1,1,1,1,1,1,1,20170717,20190123
396.1.748,0,0,0,0,0,1,0,20170909,20190123
396.1.793,1,1,1,1,1,0,0,20170909,20190123
396.1.928,0,0,0,0,0,0,1,20170909,20190123
396.1.1018,0,0,0,0,0,0,0,20170909,20190123
397.2.2201,1,1,1,1,1,1,1,20171102,20180325
398.2.2201,1,1,1,1,1,1,1,20171102,20180325
