stop_id,route_id,avg_time
1,3,1.5166666666666515
100,3,6.5
1002,3,20.0
1004,3,7.216666666666697
1005,3,5.616666666666674
1006,3,5.0
1007,3,6.5833333333332575
1008,3,2.5
1009,3,4.9833333333333485
101,3,20.0
1010,3,4.7666666666666515
1011,3,2.599999999999909
1013,3,20.0
1016,3,20.0
1020,3,8.949999999999818
1021,3,9.049999999999955
1023,3,20.0
1025,3,20.0
1026,3,20.0
1028,3,1.7000000000000455
103,3,20.0
1032,3,4.0
1035,3,2.7666666666666515
1041,3,20.0
1042,3,7.03333333333336
1047,3,2.0
105,3,10.283333333333303
1050,3,2.9166666666667425
1052,3,2.683333333333394
1054,3,4.0
1055,3,17.916666666666742
1056,3,18.0
1057,3,3.3333333333332575
1058,3,19.48333333333335
1059,3,2.2000000000000455
1060,3,20.0
1066,3,20.0
1067,3,7.0
108,3,5.0
1081,3,5.1666666666667425
1083,3,1.9833333333333485
1084,3,1.5333333333334167
1085,3,1.533333333333303
1086,3,2.3333333333332575
1087,3,1.7333333333333485
1088,3,1.4500000000000455
1089,3,7.816666666666663
109,3,6.816666666666833
1090,3,1.6999999999999318
1091,3,1.933333333333394
1092,3,1.4833333333333485
1093,3,2.1333333333333258
1094,3,4.2666666666666515
1096,3,1.650000000000091
1097,3,1.9499999999999318
1098,3,1.300000000000182
1099,3,2.5
11,3,20.0
110,3,2.8500000000001364
1100,3,2.7000000000000455
1101,3,3.466666666666697
1102,3,30.0
1103,3,20.0
1104,3,10.0
1105,3,20.0
1109,3,10.0
111,3,10.0
1110,3,7.949999999999989
1111,3,7.966666666666697
1112,3,8.099999999999909
1113,3,2.0
1128,3,3.0
1129,3,8.0
113,3,8.88333333333344
1130,3,3.0
1131,3,3.0
1132,3,1.816666666666606
1133,3,2.599999999999909
1134,3,2.716666666666697
1135,3,2.466666666666697
1136,3,1.8166666666667197
1139,3,20.0
114,3,10.450000000000045
1142,3,2.5666666666667197
1144,3,2.216666666666697
1145,3,2.650000000000091
1147,3,2.033333333333303
1149,3,2.716666666666697
1154,3,1.2333333333333485
1157,3,3.783333333333303
1162,3,8.466666666666583
1164,3,7.316666666666663
1165,3,6.933333333333167
1166,3,8.866666666666674
1167,3,4.9833333333333485
1168,3,5.0
1170,3,5.0
1171,3,5.0
1173,3,1.333333333333485
1175,3,2.0
1176,3,4.7666666666666515
1177,3,4.266666666666879
1178,3,1.216666666666697
1179,3,4.699999999999932
1180,3,1.5833333333332575
1181,3,12.0
1185,3,2.050000000000068
1186,3,3.566666666666606
1187,3,3.566666666666663
1188,3,4.0
1189,3,2.0166666666666515
1190,3,20.0
1199,3,6.916666666666515
12,3,17.0
120,3,20.0
1202,3,5.0
1203,3,4.0
1204,3,6.0
1206,3,4.2333333333333485
1207,3,4.833333333333371
1208,3,4.0
1209,3,12.966666666666697
121,3,20.0
1210,3,20.0
1211,3,10.0
1212,3,20.0
1213,3,5.0
1214,3,20.0
1216,3,3.6333333333333258
1220,3,20.0
1234,3,20.0
1235,3,20.0
1239,3,20.0
1240,3,20.0
1241,3,2.1166666666666742
1242,3,1.0
1243,3,2.0833333333333712
1244,3,2.1333333333333258
1245,3,6.2666666666666515
1246,3,20.0
1248,3,20.0
125,3,20.0
1250,3,7.5166666666666515
1251,3,2.033333333333303
1252,3,5.7000000000000455
1253,3,5.0166666666666515
1254,3,10.0
1255,3,8.0
1256,3,30.0
1258,3,2.2666666666666515
1259,3,12.799999999999955
1266,3,7.616666666666674
128,3,5.0
1287,3,2.6333333333334394
1288,3,2.716666666666697
13,3,20.0
1300,3,10.0
1301,3,20.0
1302,3,3.3833333333333258
1307,3,5.650000000000091
1310,3,7.0166666666666515
1313,3,20.0
1314,3,20.0
1328,3,20.0
133,3,9.183333333333337
1330,3,20.0
1333,3,8.0
1337,3,20.0
1339,3,13.0
1340,3,10.0
1344,3,6.7666666666666515
1347,3,1.7333333333333485
1354,3,9.11666666666656
1358,3,3.0
1360,3,3.6166666666666742
1361,3,3.0
1364,3,10.616666666666674
1365,3,15.0
138,3,0.8500000000000227
1389,3,7.93333333333328
1390,3,5.0
1391,3,15.083333333333485
1392,3,11.650000000000091
1393,3,11.349999999999909
1394,3,15.149999999999864
1395,3,10.883333333333212
1396,3,4.649999999999977
1397,3,5.566666666666606
14,3,20.0
1408,3,0.6666666666667425
1409,3,2.883333333333212
141,3,6.116666666666674
1410,3,2.8833333333333258
1411,3,3.0
1412,3,2.1333333333333258
1413,3,1.900000000000091
1414,3,20.0
1416,3,20.0
1417,3,4.883333333333326
142,3,10.0
1423,3,20.0
1424,3,20.0
1425,3,20.0
1426,3,10.0
143,3,10.0
1434,3,58.38333333333321
1445,3,5.066666666666606
1449,3,1.183333333333394
145,3,2.8333333333332575
1450,3,1.8333333333333712
1452,3,2.0
1456,3,4.0
1457,3,4.0
1458,3,4.0
1475,3,4.183333333333337
1476,3,5.0
1477,3,3.050000000000068
1478,3,20.0
148,3,10.0
1481,3,15.0
1482,3,15.0
1486,3,3.283333333333303
1487,3,10.0
1495,3,0.5833333333332575
1499,3,1.8000000000000682
15,3,30.0
150,3,8.733333333333348
1504,3,30.0
1505,3,2.8333333333332575
1507,3,4.949999999999932
1521,3,1.3999999999999773
1524,3,8.0
1525,3,8.0
1528,3,5.1666666666667425
153,3,1.2333333333333485
1532,3,10.0
1533,3,20.0
1536,3,20.0
1538,3,4.833333333333485
1539,3,20.0
154,3,2.0
1540,3,4.0
1542,3,4.0
1543,3,4.0
1545,3,20.0
1547,3,20.0
1548,3,20.0
155,3,1.433333333333394
1550,3,20.0
1555,3,17.833333333333485
1557,3,16.700000000000045
1559,3,20.0
156,3,1.0
1561,3,20.0
1562,3,20.0
1563,3,20.0
1568,3,5.0
1573,3,20.0
1578,3,10.066666666666606
1579,3,10.033333333333303
1580,3,7.5833333333332575
1581,3,9.0
1582,3,10.083333333333485
1584,3,1.4166666666666288
1587,3,5.633333333333326
1588,3,5.0
1589,3,6.4500000000000455
159,3,10.0
1591,3,5.0
1593,3,10.0
1596,3,7.0
1597,3,5.100000000000023
1598,3,6.4833333333333485
160,3,12.0
1602,3,7.166666666666686
1603,3,7.0
1604,3,7.0
1608,3,7.199999999999932
161,3,15.0
1611,3,7.150000000000091
1614,3,2.0
1615,3,7.0
1616,3,2.699999999999932
162,3,15.0
1622,3,1.2666666666666515
1623,3,1.0
1631,3,16.700000000000045
1634,3,20.0
1635,3,20.0
1636,3,15.700000000000045
1638,3,3.25
1639,3,3.7666666666666515
164,3,6.433333333333394
1640,3,2.0
1641,3,3.066666666666606
1642,3,4.25
1643,3,2.9166666666666288
1644,3,3.650000000000091
1647,3,3.0499999999999545
165,3,5.183333333333394
166,3,5.316666666666833
1660,3,4.25
1661,3,4.350000000000023
1662,3,5.333333333333371
1665,3,45.0
1673,3,30.0
1674,3,10.0
168,3,2.2666666666666515
1684,3,7.0
1685,3,20.0
169,3,2.0
1690,3,20.0
1691,3,20.0
1694,3,30.0
1695,3,20.0
1697,3,9.700000000000045
1699,3,30.0
17,3,20.0
1700,3,5.0
1702,3,30.0
1703,3,20.0
1704,3,30.0
1706,3,7.566666666666663
1708,3,3.4833333333333485
1709,3,20.0
171,3,2.3166666666667197
1710,3,7.433333333333394
1711,3,7.78333333333353
1712,3,20.0
1713,3,20.0
1714,3,3.150000000000091
1715,3,3.0
1716,3,1.9500000000000455
1717,3,3.0
172,3,4.0
1723,3,8.0
173,3,2.550000000000182
1738,3,5.0
174,3,14.583333333333258
1741,3,5.666666666666629
1743,3,15.0
1745,3,5.100000000000023
1746,3,4.666666666666629
1747,3,4.0
1748,3,5.0
1749,3,3.25
175,3,18.0
1754,3,5.0
1756,3,1.8833333333333258
1757,3,52.200000000000045
1758,3,1.7000000000000455
1759,3,2.0499999999999545
176,3,4.383333333333326
1764,3,2.199999999999932
1765,3,12.349999999999966
1766,3,2.3166666666668334
1768,3,2.433333333333337
1769,3,12.100000000000023
177,3,15.0
1770,3,10.0
1772,3,11.850000000000023
1775,3,20.0
1778,3,20.0
178,3,30.0
1783,3,20.0
1784,3,20.0
1786,3,20.0
1787,3,5.0
1788,3,8.0
1794,3,5.0
1796,3,4.016666666666708
1798,3,4.033333333333417
1799,3,12.0
1803,3,7.0
1805,3,7.0
1807,3,7.0
1809,3,7.0
1810,3,7.0
1811,3,20.0
1812,3,7.0
1814,3,20.0
1815,3,7.0
1822,3,1.0500000000000682
1823,3,10.0
1824,3,7.43333333333328
1826,3,4.0
1827,3,4.0
1828,3,4.0
1829,3,10.216666666666697
1830,3,18.01666666666665
1839,3,10.0
184,3,7.149999999999977
1840,3,3.300000000000068
1841,3,3.033333333333303
1843,3,20.0
1846,3,20.0
1847,3,20.0
1849,3,5.116666666666674
185,3,2.1999999999999886
1850,3,5.0
1852,3,20.0
1853,3,20.0
1854,3,20.0
1856,3,20.0
1857,3,20.0
1858,3,5.0
1861,3,0.30000000000001137
1862,3,2.0
1875,3,2.1166666666666742
1876,3,2.1166666666666742
1878,3,20.0
1879,3,20.0
1880,3,20.0
1882,3,4.566666666666833
1883,3,5.616666666666674
1884,3,5.0
1885,3,13.683333333333394
1886,3,11.566666666666606
1887,3,15.0
1888,3,2.4833333333333485
1889,3,2.783333333333303
189,3,5.0
1892,3,5.199999999999818
1894,3,21.0
1898,3,30.0
190,3,7.0
1900,3,10.0
1907,3,3.75
191,3,5.0
1914,3,4.0
1915,3,4.0
1916,3,4.0
1917,3,4.0
1919,3,20.0
192,3,7.066666666666606
1923,3,1.6666666666667425
1924,3,10.0
1925,3,20.0
1926,3,20.0
1928,3,20.0
1929,3,20.0
193,3,5.0
1930,3,11.333333333333258
1933,3,20.0
1934,3,12.25
1935,3,20.0
1936,3,20.0
1939,3,20.0
1940,3,20.0
1951,3,2.0
1952,3,20.0
1953,3,23.98333333333329
1955,3,20.0
1958,3,20.0
1959,3,20.0
1960,3,20.0
1961,3,20.0
1963,3,20.0
1977,3,11.933333333333394
1979,3,20.0
1980,3,20.0
1989,3,10.283333333333303
1992,3,20.0
2,3,5.0
2003,3,20.0
2004,3,20.0
2005,3,20.0
2007,3,16.26666666666665
2010,3,20.0
2012,3,7.0
2013,3,20.0
2015,3,7.0
2017,3,1.7666666666666515
2023,3,7.46666666666647
2027,3,20.0
2028,3,20.0
2029,3,20.0
203,3,3.7333333333333485
2030,3,4.800000000000011
2031,3,5.0
2038,3,5.0
204,3,3.8166666666667197
2040,3,4.383333333333326
2041,3,20.0
2042,3,4.566666666666663
2043,3,5.0
2044,3,5.0
2045,3,5.0
2046,3,3.466666666666697
2047,3,10.0
205,3,7.0
2050,3,20.0
2051,3,20.0
2052,3,20.0
2053,3,20.0
2055,3,20.0
2056,3,20.0
2059,3,19.083333333333485
206,3,7.0
2061,3,19.25
2062,3,19.75
2064,3,19.40000000000009
2065,3,18.549999999999955
2066,3,18.90000000000009
207,3,1.4166666666666856
2070,3,7.5166666666666515
2071,3,7.600000000000023
2086,3,11.61666666666656
2087,3,8.099999999999909
2088,3,7.816666666666833
209,3,0.966666666666697
2090,3,11.333333333333485
2091,3,8.100000000000136
2093,3,11.599999999999909
2094,3,11.86666666666656
2095,3,12.299999999999955
2096,3,20.0
2099,3,20.0
210,3,0.966666666666697
2106,3,2.3666666666666742
2108,3,2.4333333333331666
2109,3,3.433333333333337
211,3,1.0499999999999545
2110,3,1.5166666666667084
2111,3,1.400000000000091
2113,3,20.0
2115,3,20.0
2116,3,20.0
2118,3,20.0
2119,3,20.0
212,3,1.1000000000000227
2120,3,20.0
2121,3,20.0
2122,3,14.86666666666656
2123,3,12.71666666666647
2125,3,20.0
2127,3,19.51666666666665
2128,3,20.0
2129,3,19.916666666666742
2130,3,13.816666666666606
2131,3,19.333333333333485
2133,3,20.0
2134,3,20.0
2135,3,20.0
2136,3,10.633333333333212
2139,3,2.0
214,3,7.0
2140,3,7.0
2145,3,14.899999999999864
2146,3,3.8333333333332575
2147,3,3.066666666666606
2148,3,3.599999999999909
2149,3,2.8166666666667197
215,3,5.2000000000000455
2150,3,2.333333333333485
2151,3,14.833333333333485
2153,3,17.51666666666665
2154,3,10.0
2156,3,3.383333333333212
216,3,5.0
2160,3,17.149999999999864
2161,3,10.0
2169,3,15.0
217,3,20.0
2170,3,16.533333333333303
2179,3,1.616666666666788
218,3,20.0
2180,3,20.0
2181,3,20.0
2182,3,20.0
2183,3,20.0
219,3,20.0
2191,3,6.43333333333328
2192,3,6.4166666666667425
2193,3,6.533333333333303
220,3,20.0
2200,3,13.116666666666788
2203,3,4.0
2204,3,20.0
2205,3,18.066666666666606
2206,3,20.0
2207,3,20.0
2208,3,17.199999999999818
2209,3,17.550000000000182
221,3,20.0
2210,3,20.0
2212,3,13.866666666666788
2213,3,4.533333333333303
2214,3,20.0
2217,3,6.116666666666674
2218,3,6.350000000000023
2219,3,20.0
222,3,20.0
2220,3,20.0
2222,3,20.0
2223,3,20.0
2225,3,20.0
2227,3,20.0
2229,3,20.0
2231,3,6.75
2233,3,20.0
2234,3,6.0
2236,3,20.0
2237,3,6.5499999999999545
2238,3,20.0
224,3,20.0
2240,3,6.0
2241,3,6.000000000000114
2242,3,6.0
2244,3,20.0
2246,3,20.0
2247,3,20.0
2249,3,6.0
2251,3,6.0
2252,3,20.0
2253,3,6.349999999999966
2256,3,6.099999999999909
2257,3,6.0
2259,3,6.0
2260,3,6.149999999999977
2262,3,6.0
2265,3,6.0
2267,3,6.0
2268,3,6.283333333333303
2269,3,6.383333333333326
2270,3,6.0
2271,3,15.016666666666652
2272,3,11.966666666666697
2274,3,14.983333333333348
2276,3,4.8333333333332575
2277,3,5.0
2278,3,5.0
2279,3,5.0
228,3,20.0
2280,3,4.199999999999932
2281,3,4.0
2282,3,5.0
2283,3,4.849999999999909
2284,3,4.2999999999999545
2286,3,20.0
2287,3,20.0
2289,3,20.0
229,3,20.0
2290,3,20.0
2291,3,20.0
2292,3,20.0
2293,3,20.0
2294,3,20.0
2296,3,20.0
2297,3,20.0
2298,3,20.0
23,3,20.0
230,3,20.0
2301,3,20.0
2304,3,2.0
2305,3,20.0
231,3,20.0
232,3,20.0
2320,3,2.8833333333333258
2321,3,1.433333333333394
2323,3,5.0
2326,3,7.349999999999909
2327,3,58.683333333333394
233,3,20.0
234,3,20.0
2340,3,5.0
2342,3,2.4833333333333485
2343,3,5.0
2344,3,5.0
2346,3,20.0
235,3,20.0
2360,3,6.0
2361,3,6.0
2362,3,4.0
2369,3,3.0
2371,3,20.0
2378,3,4.25
2379,3,14.86666666666656
238,3,20.0
2383,3,6.0
2385,3,3.0
2386,3,5.0
2389,3,2.0
239,3,20.0
2392,3,20.0
240,3,20.0
2402,3,9.450000000000045
2406,3,5.75
2407,3,17.433333333333394
2409,3,3.0833333333332575
241,3,20.0
2410,3,1.6166666666665606
2411,3,1.4166666666667425
2412,3,20.0
2414,3,20.0
2415,3,5.833333333333485
242,3,20.0
2421,3,19.916666666666515
2422,3,19.799999999999955
2425,3,18.433333333333394
243,3,10.0
2430,3,6.100000000000023
2432,3,1.883333333333212
2433,3,2.0
2434,3,1.900000000000034
2443,3,20.0
2444,3,20.0
2446,3,12.399999999999977
2447,3,12.783333333333303
2449,3,5.0
245,3,10.0
2453,3,7.0
2455,3,1.0499999999999545
2458,3,7.0
2460,3,20.0
2461,3,20.0
247,3,5.149999999999864
2470,3,2.0
2471,3,2.0
2472,3,2.0
2475,3,2.0
2480,3,7.133333333333212
2481,3,7.100000000000023
2483,3,5.0
2485,3,9.533333333333303
2488,3,14.0
2489,3,20.0
2490,3,1.6000000000000227
2491,3,1.5166666666666515
2492,3,1.683333333333394
2493,3,1.150000000000091
2494,3,1.5499999999999545
2495,3,1.566666666666606
2497,3,6.300000000000182
2498,3,7.75
2500,3,9.033333333333303
2502,3,7.083333333333485
2504,3,2.633333333333212
2513,3,3.183333333333394
2515,3,6.75
2517,3,3.416666666666515
2518,3,2.8166666666667197
2519,3,10.483333333333348
2520,3,2.0
2522,3,20.0
2523,3,11.049999999999955
2524,3,6.699999999999932
2525,3,2.0
2527,3,10.0
2528,3,10.0
253,3,1.8333333333332575
2532,3,10.0
2533,3,20.0
254,3,1.7333333333333485
2540,3,2.3166666666667197
2541,3,2.266666666666879
2542,3,2.1000000000000227
2543,3,7.0
2546,3,3.5
2547,3,4.7333333333333485
2548,3,6.533333333333303
2550,3,5.0166666666666515
2551,3,7.866666666666674
2558,3,5.0
2559,3,8.550000000000068
2561,3,2.2000000000000455
2563,3,1.933333333333394
2568,3,2.5666666666667197
2569,3,7.0
2570,3,20.0
2572,3,20.0
2573,3,20.0
2574,3,20.0
2575,3,20.0
2576,3,18.933333333333394
2577,3,20.0
2578,3,20.0
2579,3,20.0
2580,3,20.0
2581,3,20.0
2582,3,20.0
2589,3,20.0
2590,3,20.0
2591,3,20.0
2592,3,20.0
2594,3,20.0
2595,3,20.0
2596,3,20.0
2597,3,3.3166666666667197
2598,3,1.8333333333333144
2599,3,10.0
260,3,3.5833333333332575
2600,3,1.6000000000001364
2601,3,2.0
2602,3,3.0
2605,3,20.0
2610,3,2.0
2611,3,7.75
2614,3,4.0
2615,3,10.0
2616,3,3.2333333333333485
2618,3,3.466666666666697
2620,3,2.4333333333331666
2621,3,5.0
2622,3,30.0
2628,3,2.0
263,3,8.0
2630,3,1.7666666666666515
2631,3,1.716666666666697
2632,3,10.0
2633,3,10.0
2634,3,10.0
2635,3,20.0
2636,3,12.0
2638,3,10.0
2641,3,5.0
2645,3,30.0
2646,3,30.0
2649,3,5.0
265,3,8.0
2650,3,30.0
2651,3,5.0
2652,3,4.9500000000000455
2657,3,1.0
266,3,5.0
2660,3,0.2333333333333485
2661,3,5.0
2662,3,5.0
2663,3,20.0
2668,3,20.0
2671,3,1.5
2672,3,15.0
2673,3,15.0
2674,3,15.0
2675,3,2.683333333333394
2676,3,2.7666666666666515
2677,3,3.0
2679,3,20.0
2680,3,20.0
2683,3,8.449999999999932
2687,3,8.266666666666652
269,3,30.0
2691,3,20.0
2692,3,20.0
2694,3,20.0
2696,3,5.3333333333332575
2697,3,5.399999999999864
270,3,30.0
2701,3,5.616666666666674
2706,3,2.199999999999818
2707,3,2.5
2708,3,30.0
271,3,30.0
2710,3,2.650000000000091
2714,3,1.2666666666666515
2715,3,1.1333333333333258
2716,3,1.400000000000091
2717,3,1.316666666666606
2719,3,10.0
2720,3,1.6666666666666288
2721,3,1.7333333333333485
2725,3,3.9166666666667425
2727,3,3.0
2728,3,2.5166666666666515
2731,3,3.5166666666666515
2732,3,2.8000000000000114
2733,3,4.316666666666606
2734,3,3.75
2735,3,20.0
2736,3,20.0
2737,3,20.0
2738,3,20.0
274,3,6.283333333333303
2740,3,7.0
2741,3,5.0
2742,3,6.533333333333303
2746,3,6.0
2747,3,3.0
275,3,5.0
2752,3,2.3666666666666742
2755,3,1.75
2757,3,1.9333333333331666
2758,3,1.866666666666788
2759,3,1.9166666666667425
2761,3,2.066666666666606
2762,3,2.0
2764,3,2.7999999999999545
2765,3,1.833333333333485
2766,3,2.6666666666667425
2767,3,2.4500000000000455
2768,3,1.916666666666515
2769,3,3.7999999999999545
277,3,6.100000000000023
2770,3,6.5499999999999545
2771,3,4.0
2772,3,5.0
2773,3,10.13333333333344
2774,3,5.0
2775,3,10.0
2776,3,20.0
2779,3,20.0
2784,3,20.0
279,3,5.0
2795,3,1.7999999999999545
2796,3,1.0833333333333712
28,3,3.7666666666666515
2801,3,4.18333333333328
2804,3,4.683333333333394
281,3,5.0
2811,3,6.25
2815,3,20.0
2817,3,3.0833333333333712
2819,3,19.216666666666697
282,3,6.600000000000023
2820,3,20.0
2821,3,20.0
2822,3,19.666666666666742
2824,3,19.466666666666697
283,3,6.883333333333439
2833,3,7.949999999999989
2837,3,1.2666666666666515
2838,3,9.0
284,3,8.816666666666606
2846,3,7.0
2848,3,2.699999999999932
2852,3,30.0
286,3,10.0
2862,3,1.2000000000000455
2865,3,2.8166666666667197
2866,3,2.0
2867,3,2.7999999999999545
2869,3,10.0
287,3,10.0
2870,3,1.9833333333333485
2871,3,20.0
2872,3,20.0
2873,3,20.0
2874,3,4.0
288,3,10.0
2884,3,20.0
2886,3,20.0
2887,3,15.0
289,3,5.0
2893,3,4.0
2897,3,20.0
2898,3,14.766666666666652
290,3,5.0
2900,3,10.0
2901,3,7.099999999999909
2903,3,10.0
291,3,5.0
2915,3,1.4666666666665833
2916,3,6.616666666666788
2917,3,20.0
2918,3,20.0
292,3,10.0
2920,3,12.133333333333212
2928,3,20.0
2929,3,20.0
293,3,10.0
2931,3,20.0
2935,3,3.0
2936,3,3.9166666666667425
2937,3,10.0
2938,3,15.0
2939,3,15.0
2940,3,5.349999999999966
2946,3,5.0
2947,3,5.0
2948,3,2.0
295,3,15.266666666666652
2959,3,6.5
296,3,15.216666666666697
2960,3,20.0
2961,3,5.633333333333439
2962,3,3.7999999999999545
2963,3,20.0
2964,3,6.933333333333167
2965,3,5.966666666666697
2966,3,6.350000000000023
2967,3,20.0
2968,3,5.816666666666606
2970,3,6.766666666666765
2973,3,20.0
2975,3,20.0
2978,3,20.0
298,3,5.0
2980,3,20.0
2984,3,0.9333333333331666
2988,3,20.0
2989,3,20.0
299,3,10.0
2990,3,20.0
2991,3,20.0
2992,3,0.6499999999999773
2993,3,20.0
2994,3,20.0
2995,3,20.0
2996,3,20.0
2997,3,20.0
2999,3,20.0
30,3,19.966666666666697
300,3,10.0
3001,3,20.0
3006,3,20.0
3007,3,20.0
301,3,15.0
3012,3,13.400000000000091
3016,3,20.0
3017,3,5.0
302,3,5.0
3020,3,20.0
3021,3,20.0
3022,3,20.0
3023,3,20.0
3024,3,20.0
3025,3,20.0
3028,3,20.0
3029,3,20.0
303,3,15.0
3030,3,14.63333333333344
3031,3,15.966666666666697
3033,3,15.266666666666652
3035,3,14.466666666666697
3036,3,15.583333333333258
3038,3,14.316666666666606
305,3,1.0833333333333712
3051,3,6.350000000000023
3052,3,6.4500000000000455
3056,3,20.0
3057,3,20.0
306,3,1.0
3060,3,20.0
3061,3,20.0
3062,3,10.533333333333303
3063,3,20.0
3065,3,20.0
307,3,1.316666666666606
3075,3,5.0
3078,3,0.7666666666667652
3079,3,4.383333333333326
308,3,1.1000000000000227
3080,3,4.25
3082,3,5.0
3083,3,20.0
309,3,2.0
3092,3,6.683333333333167
3094,3,2.0166666666666515
3096,3,11.050000000000068
3098,3,1.5499999999999545
3099,3,4.1666666666667425
310,3,1.8166666666667197
3100,3,0.9833333333332916
311,3,10.0
3114,3,1.5833333333333144
3117,3,3.1333333333334394
3118,3,20.0
312,3,15.0
3122,3,10.0
3123,3,10.0
3124,3,1.3999999999999773
3125,3,8.816666666666606
313,3,15.0
3133,3,8.0
3134,3,58.84999999999991
3139,3,20.0
314,3,15.0
315,3,10.0
318,3,9.350000000000023
3191,3,3.0
32,3,20.0
3227,3,20.0
3229,3,8.0
323,3,10.0
3230,3,5.0
3231,3,5.0
3233,3,5.0
3243,3,10.450000000000045
327,3,1.8999999999999773
3275,3,20.0
3276,3,20.0
3280,3,43.0
3281,3,43.0
3282,3,10.0
3283,3,9.349999999999909
3284,3,8.0
3285,3,8.799999999999955
3286,3,10.0
3287,3,43.0
329,3,1.933333333333394
3290,3,1.433333333333394
33,3,19.98333333333335
3301,3,5.649999999999977
3302,3,20.0
3303,3,20.0
3304,3,20.0
3305,3,20.0
3306,3,20.0
3311,3,5.0
3314,3,3.0
3316,3,20.0
333,3,5.0
3330,3,5.0
3334,3,13.0
3338,3,10.0
3341,3,15.0
3342,3,14.116666666666674
3343,3,3.116666666666788
3345,3,6.966666666666697
335,3,6.550000000000068
3351,3,1.6000000000000227
3353,3,6.366666666666561
3355,3,5.1666666666667425
3359,3,5.0
3363,3,2.0
3364,3,1.6000000000000227
3366,3,58.950000000000045
3374,3,20.0
3375,3,5.0
3376,3,5.0
3377,3,4.7333333333333485
3378,3,10.0
338,3,2.9333333333331666
3381,3,3.783333333333303
3382,3,2.8333333333333712
3383,3,2.4166666666666288
3384,3,3.2333333333333485
339,3,3.8333333333332575
34,3,20.0
340,3,30.0
341,3,58.0
342,3,60.0
3434,3,4.0
3449,3,20.0
3458,3,20.0
3463,3,20.0
3464,3,3.216666666666697
3469,3,1.150000000000091
347,3,10.0
3470,3,4.0
349,3,10.0
3491,3,2.0
3500,3,10.0
3509,3,3.2999999999999545
351,3,5.4500000000000455
3510,3,3.5
3511,3,3.6166666666665606
352,3,5.68333333333328
3528,3,2.400000000000091
3529,3,2.8333333333333712
3532,3,1.3333333333333712
3533,3,3.7166666666664696
3534,3,3.6499999999999773
354,3,5.7666666666666515
3553,3,0.11666666666678793
3555,3,8.0
3558,3,4.5833333333332575
3559,3,20.0
356,3,5.533333333333303
3561,3,5.0
3562,3,5.5166666666666515
3563,3,5.599999999999909
3566,3,20.0
3569,3,3.1000000000000227
357,3,20.0
3570,3,6.600000000000023
3575,3,10.0
358,3,10.0
3580,3,4.0
3583,3,20.0
3588,3,20.0
3589,3,10.0
3592,3,5.0
3593,3,4.1666666666667425
3594,3,19.933333333333394
3595,3,17.73333333333335
3596,3,20.0
3597,3,20.0
36,3,1.1166666666665606
361,3,20.0
3610,3,20.0
3612,3,20.0
3613,3,20.0
362,3,20.0
363,3,2.0
3631,3,7.399999999999977
3632,3,2.6666666666666288
3633,3,2.5
3634,3,6.466666666666697
3635,3,4.0
3636,3,2.0
3637,3,3.2333333333333485
3638,3,6.566666666666606
3641,3,2.0
3642,3,0.8666666666666742
3643,3,20.0
3644,3,20.0
3645,3,20.0
3652,3,7.28333333333353
3666,3,1.75
367,3,20.0
3671,3,6.366666666666788
3673,3,20.0
3674,3,20.0
3676,3,4.233333333333235
3677,3,4.633333333333326
3678,3,2.316666666666606
3679,3,2.0
368,3,20.0
3680,3,20.0
3687,3,5.0
3688,3,0.5833333333333712
3690,3,2.75
3691,3,10.0
3692,3,10.0
3693,3,2.0
3698,3,20.0
37,3,20.0
3712,3,20.0
372,3,20.0
3721,3,15.516666666666652
3724,3,9.150000000000091
3734,3,6.4500000000000455
3739,3,20.0
3749,3,3.0
3753,3,7.366666666666674
3754,3,3.183333333333394
3757,3,3.0
3760,3,5.116666666666674
3761,3,4.7999999999999545
377,3,3.0
3775,3,13.133333333333326
3785,3,7.0
3788,3,60.0
3805,3,7.783333333333303
3807,3,10.0
3808,3,10.0
3810,3,0.7333333333333485
3812,3,2.0
3814,3,12.000000000000114
3815,3,12.0
3817,3,10.0
382,3,20.0
3821,3,10.0
3822,3,5.0
3823,3,4.433333333333394
3824,3,15.0
3825,3,2.75
3826,3,3.2333333333333485
3827,3,4.033333333333303
3829,3,44.14999999999998
383,3,2.0
3836,3,43.0
384,3,5.0
3840,3,10.0
3841,3,8.5
3842,3,10.0
3843,3,10.0
3844,3,8.399999999999977
3845,3,8.483333333333348
3846,3,8.600000000000023
3847,3,10.0
3848,3,9.716666666666697
3849,3,20.0
3850,3,20.0
3852,3,20.0
3855,3,20.0
3857,3,20.0
3858,3,4.2666666666666515
3860,3,44.39999999999998
3862,3,20.0
3863,3,20.0
3868,3,8.5
3878,3,15.0
3879,3,15.0
3880,3,17.666666666666515
3888,3,8.0
3889,3,30.0
389,3,2.0
3894,3,30.0
390,3,5.0
391,3,10.0
3914,3,43.0
3924,3,20.0
3930,3,1.3333333333332575
3932,3,43.0
3933,3,3.616666666666788
3934,3,3.183333333333394
3936,3,3.5833333333332575
3937,3,3.4666666666665833
3939,3,1.033333333333303
394,3,5.0
3940,3,1.0333333333334167
3941,3,1.1333333333333258
3942,3,1.3333333333332575
3943,3,1.0
397,3,15.0
3970,3,20.0
3973,3,10.266666666666652
3974,3,10.033333333333303
3978,3,25.883333333333326
398,3,3.6666666666667425
3987,3,23.08333333333337
3990,3,20.0
3991,3,20.0
3992,3,20.0
3993,3,20.0
3994,3,20.0
3995,3,20.0
3997,3,10.0
3998,3,10.0
3999,3,20.0
4,3,17.033333333333303
4000,3,20.0
4001,3,20.0
4002,3,20.0
4012,3,30.0
402,3,20.0
4020,3,5.0
4021,3,2.716666666666697
4023,3,20.0
4024,3,19.899999999999864
4026,3,10.0
4028,3,58.0
4029,3,58.0
4034,3,1.6999999999999318
4036,3,0.9166666666667425
4038,3,1.5166666666666515
4039,3,20.0
4040,3,20.0
4041,3,1.6166666666666742
4044,3,3.816666666666606
4045,3,3.4333333333332803
4046,3,1.8999999999999773
4048,3,10.0
4049,3,7.0
4050,3,1.9500000000000455
4051,3,2.533333333333303
4052,3,1.4166666666667425
4053,3,1.9833333333333485
4054,3,2.0
4055,3,6.666666666666629
4059,3,6.283333333333303
4061,3,6.2333333333333485
4062,3,1.0499999999999545
4067,3,20.0
4071,3,20.0
4072,3,12.0
4073,3,14.0
4074,3,2.7833333333334167
4075,3,3.0
4076,3,1.366666666666788
4078,3,1.316666666666606
4079,3,2.883333333333212
4081,3,1.6166666666666742
4085,3,20.0
409,3,2.466666666666697
4094,3,7.0
4095,3,20.0
4097,3,6.350000000000023
4098,3,4.9500000000000455
4099,3,6.0
410,3,2.7999999999999545
4100,3,3.0
4101,3,6.783333333333303
4102,3,7.033333333333303
4104,3,10.0
4105,3,6.283333333333303
4106,3,7.3333333333332575
4107,3,7.099999999999909
4108,3,1.7999999999999545
4109,3,6.216666666666697
411,3,15.0
4110,3,2.8500000000001364
4113,3,6.2666666666666515
4114,3,5.633333333333326
4115,3,4.666666666666629
4116,3,6.433333333333394
412,3,5.0
4120,3,3.1000000000000227
4121,3,3.3666666666666742
4122,3,3.716666666666697
4123,3,5.8333333333332575
4124,3,3.0
4125,3,7.0
413,3,2.6666666666666856
4138,3,2.0
4139,3,4.849999999999909
414,3,5.4833333333333485
4140,3,4.783333333333417
4141,3,8.0
4142,3,4.0
4143,3,9.766666666666652
4144,3,4.0
4146,3,7.116666666666674
4149,3,4.0
415,3,5.0
4150,3,4.0499999999999545
4151,3,3.0
4152,3,2.433333333333394
4153,3,2.0833333333333712
4154,3,12.5
4155,3,1.716666666666697
4156,3,6.25
4158,3,34.200000000000045
4159,3,40.0
416,3,5.7666666666666515
4160,3,40.0
4161,3,35.48333333333335
4162,3,5.116666666666674
4163,3,2.6666666666666288
4164,3,0.8666666666666742
4165,3,1.0
4166,3,9.583333333333258
4168,3,20.23333333333335
417,3,6.4500000000000455
4173,3,5.0
4176,3,2.0
4178,3,4.31666666666672
4179,3,5.0
418,3,10.0
4181,3,2.0
4182,3,3.6666666666666288
4183,3,4.016666666666765
4184,3,4.5
4186,3,4.166666666666629
419,3,10.0
4190,3,9.0
4193,3,15.0
4203,3,10.466666666666697
4216,3,1.7666666666666515
4219,3,20.0
422,3,2.0
4220,3,20.0
4221,3,20.0
4227,3,19.300000000000182
4228,3,20.0
4229,3,4.149999999999864
423,3,2.0
4238,3,20.0
4245,3,20.0
4251,3,20.0
4259,3,20.0
4261,3,5.833333333333485
4263,3,20.0
4264,3,20.0
4265,3,20.0
4266,3,20.0
4269,3,20.0
4270,3,20.0
4271,3,20.0
4273,3,18.0
4274,3,1.966666666666697
4275,3,11.150000000000091
4276,3,5.0
4284,3,20.0
4286,3,10.0
4287,3,1.8166666666667197
4291,3,4.0
4292,3,4.800000000000068
4293,3,4.383333333333326
4294,3,4.216666666666697
4297,3,7.399999999999977
4298,3,15.0
430,3,0.9500000000000455
431,3,1.0
432,3,0.5166666666667652
4333,3,5.0
4334,3,5.0
4335,3,8.299999999999955
4336,3,8.316666666666606
4337,3,4.4500000000000455
4339,3,20.0
434,3,3.216666666666697
4341,3,4.0
4342,3,9.700000000000045
437,3,1.816666666666606
4378,3,15.0
4379,3,15.0
438,3,1.933333333333394
4384,3,60.0
4385,3,60.0
439,3,2.3666666666666742
4395,3,5.283333333333417
440,3,1.5833333333332575
441,3,2.25
442,3,2.033333333333303
4422,3,60.0
443,3,2.216666666666697
446,3,1.0
4460,3,58.0
4461,3,58.0
4462,3,58.0
4463,3,4.0
4464,3,60.0
4465,3,60.0
4466,3,60.0
4467,3,3.0
447,3,1.5333333333333599
4478,3,30.0
4480,3,4.599999999999909
4481,3,10.0
4482,3,10.0
4483,3,1.3333333333333144
4485,3,5.433333333333394
4486,3,5.9500000000000455
4487,3,3.1666666666666856
4488,3,2.3999999999999773
449,3,1.366666666666788
4492,3,60.0
4493,3,52.583333333333485
450,3,20.0
4500,3,13.066666666666606
4502,3,13.566666666666606
4503,3,13.816666666666606
4504,3,13.933333333333167
4505,3,14.150000000000091
4506,3,5.0
4507,3,4.2000000000000455
451,3,20.0
452,3,20.0
453,3,3.933333333333394
4531,3,60.0
4545,3,3.1499999999999773
455,3,4.2999999999999545
4553,3,4.0
4554,3,4.0
456,3,2.7333333333333485
4566,3,3.0
4567,3,1.3999999999999773
4569,3,10.0
457,3,20.0
4570,3,6.050000000000182
4572,3,3.25
4573,3,3.0333333333334167
4578,3,5.0
4579,3,20.0
458,3,3.0499999999999545
4589,3,20.0
4590,3,5.0
4591,3,5.0
4592,3,5.0
4596,3,20.0
4597,3,20.0
460,3,3.316666666666606
4604,3,3.0333333333334167
4606,3,2.0
4608,3,1.7666666666666515
461,3,1.1833333333332803
4615,3,3.2999999999999545
4616,3,4.633333333333326
462,3,3.216666666666697
4621,3,20.0
4638,3,5.0
464,3,1.8333333333332575
4640,3,10.0
4641,3,10.0
4642,3,20.0
465,3,1.2666666666666515
4656,3,20.0
4657,3,20.0
4659,3,20.0
466,3,1.3333333333332575
467,3,0.8500000000001364
4672,3,15.0
4687,3,20.0
4690,3,20.0
47,3,1.033333333333303
470,3,4.2666666666666515
4701,3,1.283333333333303
471,3,2.5499999999999545
4711,3,8.13333333333344
472,3,1.283333333333303
4725,3,15.0
4726,3,10.0
4727,3,14.933333333333394
4728,3,30.0
4729,3,15.0
4733,3,9.783333333333303
4734,3,15.0
4735,3,15.0
4736,3,15.0
4739,3,15.0
4740,3,15.0
475,3,3.7666666666666515
4750,3,7.166666666666629
4751,3,15.0
4752,3,15.0
4753,3,15.0
4754,3,20.0
4755,3,20.0
476,3,13.916666666666515
4761,3,7.0
4762,3,20.0
4763,3,13.049999999999955
4764,3,12.416666666666742
4765,3,8.833333333333314
477,3,20.0
478,3,1.1666666666667425
4786,3,12.950000000000045
479,3,1.3500000000000227
48,3,1.2666666666667652
480,3,1.316666666666606
4802,3,10.0
4811,3,3.3666666666665606
4812,3,3.716666666666697
4814,3,10.0
482,3,1.3666666666666742
483,3,1.4333333333331666
484,3,1.7833333333335304
485,3,1.083333333333485
4861,3,15.816666666666833
4865,3,4.033333333333303
4866,3,6.883333333333439
4867,3,10.0
4868,3,10.0
4869,3,8.25
487,3,20.0
4870,3,3.716666666666697
489,3,1.2999999999999545
49,3,1.2333333333333485
4901,3,20.0
491,3,15.0
4915,3,8.0
492,3,3.75
4925,3,4.7999999999999545
4926,3,4.683333333333337
4927,3,43.0
493,3,1.0500000000000114
4931,3,2.0
4933,3,3.0
4934,3,3.0
4935,3,2.0
4936,3,3.0
4938,3,3.0
4939,3,6.0
4940,3,1.4166666666667425
4941,3,2.0
4943,3,3.0
4944,3,2.0
4945,3,3.0
4948,3,1.9166666666667425
4949,3,11.233333333333235
495,3,1.599999999999909
4950,3,11.666666666666742
4951,3,8.0
4952,3,8.0
4953,3,8.0
4956,3,5.0
4958,3,9.25
496,3,1.466666666666697
4961,3,8.883333333333326
4962,3,11.0
4963,3,8.000000000000114
4964,3,1.7666666666666515
4966,3,3.0
4967,3,4.850000000000023
4968,3,1.3500000000001364
4969,3,1.8333333333333712
4970,3,10.0
4971,3,10.0
4972,3,3.8166666666668334
4973,3,10.0
4975,3,56.99999999999994
4976,3,2.8833333333333258
498,3,1.3833333333333258
4980,3,2.666666666666515
4982,3,15.0
4983,3,15.0
4984,3,15.0
4985,3,15.0
4988,3,8.116666666666788
499,3,1.1666666666667425
4990,3,2.5
4992,3,2.199999999999818
4993,3,58.0
4994,3,58.0
4995,3,60.0
4996,3,2.1666666666666288
4998,3,10.0
4999,3,5.0
5,3,17.41666666666663
500,3,1.3333333333332575
5000,3,5.0
5001,3,5.0
5002,3,5.0
5003,3,5.0
5004,3,5.0
5005,3,5.0
5006,3,5.0
5007,3,10.0
5009,3,10.0
5010,3,28.366666666666674
5014,3,58.73333333333335
5015,3,58.43333333333328
5016,3,58.23333333333335
5017,3,60.0
5018,3,57.849999999999966
5019,3,57.48333333333329
502,3,4.0
5020,3,57.19999999999982
5021,3,56.799999999999955
5022,3,56.46666666666664
5024,3,55.91666666666663
5025,3,60.0
5028,3,60.0
5030,3,8.0
5035,3,2.833333333333485
5036,3,3.0
5037,3,3.0
5042,3,20.0
5043,3,20.0
5045,3,1.0
5047,3,2.0
5049,3,17.0
5050,3,20.33333333333337
5051,3,1.7333333333333485
5052,3,7.0
5053,3,3.8666666666666742
5055,3,13.299999999999955
506,3,4.0
5062,3,10.0
5067,3,5.2666666666666515
5068,3,2.8666666666666742
5069,3,43.0
5072,3,3.8666666666665606
5073,3,5.0
5074,3,5.0
5077,3,8.183333333333394
5078,3,43.0
5079,3,44.316666666666606
5080,3,44.2166666666667
5081,3,44.15000000000009
5082,3,44.14999999999998
5083,3,44.06666666666672
5084,3,44.049999999999955
5085,3,43.91666666666674
5086,3,30.0
5087,3,43.816666666666606
5088,3,43.683333333333394
5089,3,43.56666666666672
5090,3,43.44999999999993
5091,3,43.34999999999991
5092,3,43.26666666666665
5093,3,5.416666666666629
5094,3,43.0
5097,3,43.0
5098,3,43.0
5099,3,8.516666666666652
51,3,1.5499999999999545
5102,3,44.049999999999955
5103,3,43.64999999999998
5104,3,43.48333333333335
5105,3,43.183333333333394
5106,3,43.0
5107,3,43.0
5109,3,43.0
5110,3,43.0
5112,3,43.0
5113,3,43.0
5115,3,43.0
5116,3,43.0
5117,3,43.0
5118,3,43.0
5119,3,43.0
5130,3,17.0
5131,3,17.0
5133,3,8.216666666666697
5137,3,3.0
514,3,5.0
5140,3,5.0
5141,3,2.1000000000000227
5142,3,2.7166666666665833
5143,3,13.016666666666652
5144,3,12.766666666666652
5145,3,12.533333333333303
5146,3,12.983333333333235
5147,3,12.0
5148,3,12.0
5149,3,12.0
5150,3,2.0
5152,3,2.5166666666666515
5153,3,1.1499999999999773
5154,3,12.0
5155,3,12.0
5157,3,1.0166666666666515
5158,3,1.099999999999909
516,3,9.599999999999909
5164,3,5.0
5165,3,5.0
5166,3,10.216666666666697
5167,3,15.0
5168,3,15.0
5169,3,20.0
5170,3,20.0
5172,3,2.766666666666879
5173,3,60.0
5176,3,1.8999999999999773
5178,3,20.0
5182,3,4.81666666666672
5183,3,5.633333333333326
5184,3,6.033333333333417
5189,3,20.0
5190,3,2.75
5192,3,3.800000000000068
5193,3,2.4833333333333485
5197,3,3.0
5198,3,2.0
5199,3,10.0
5200,3,2.0
5201,3,2.5
5202,3,3.4333333333332803
5204,3,5.0
5206,3,20.0
5207,3,2.083333333333485
5208,3,43.0
5209,3,8.416666666666515
5211,3,10.0
5215,3,5.0
5216,3,1.1166666666666742
5217,3,3.0666666666668334
5218,3,8.933333333333394
522,3,5.0
5220,3,10.0
5221,3,45.866666666666674
5222,3,5.0
5223,3,4.616666666666561
5224,3,2.7999999999999545
5228,3,3.4666666666665833
523,3,4.25
5230,3,3.0
5231,3,45.0
5232,3,45.616666666666674
5233,3,45.48333333333329
5234,3,45.0
5235,3,45.0
5236,3,4.133333333333326
5237,3,5.0
5238,3,10.0
524,3,3.6666666666666856
5241,3,3.349999999999909
5242,3,56.28333333333319
5244,3,8.200000000000045
5246,3,15.0
5248,3,15.0
5250,3,4.0
5251,3,20.0
5252,3,20.0
5256,3,16.299999999999955
5257,3,19.90000000000009
527,3,5.216666666666697
5271,3,30.0
5272,3,30.0
5278,3,20.0
5279,3,2.6166666666666742
528,3,5.0
5285,3,2.033333333333303
5287,3,2.1000000000000227
529,3,30.0
5290,3,6.933333333333394
5296,3,2.5166666666666515
530,3,8.0
5310,3,1.6166666666666742
5311,3,30.0
532,3,0.966666666666697
5324,3,10.0
5325,3,2.0
5327,3,20.0
5329,3,1.7666666666666515
533,3,10.0
5334,3,5.0
534,3,5.0
536,3,3.0
537,3,2.283333333333303
5378,3,3.0
5379,3,3.0
538,3,2.2166666666665833
5381,3,10.0
5382,3,6.916666666666629
5383,3,10.0
5384,3,12.0
5385,3,8.0
5386,3,10.0
5388,3,20.0
539,3,2.150000000000091
5391,3,15.0
5392,3,15.0
5393,3,15.0
5394,3,19.450000000000045
5395,3,15.0
5396,3,5.0
5399,3,13.950000000000045
540,3,2.0
5400,3,30.0
5401,3,30.0
5402,3,10.0
5403,3,10.0
5404,3,30.0
5405,3,30.0
5406,3,30.0
5407,3,30.0
5411,3,20.0
5412,3,5.0
5421,3,2.8833333333334394
5428,3,2.0
5429,3,16.399999999999977
544,3,3.849999999999909
546,3,3.716666666666697
547,3,20.0
5470,3,1.2333333333333485
5472,3,6.0
5473,3,10.0
5476,3,10.0
5477,3,10.0
5479,3,8.166666666666629
5480,3,0.8833333333334394
5481,3,10.0
5484,3,32.41666666666663
5487,3,2.8833333333333826
5488,3,3.0
5489,3,2.8500000000000227
5490,3,2.7666666666666515
5491,3,17.0
5492,3,17.0
5494,3,2.0
5495,3,2.0
5496,3,20.066666666666606
550,3,8.0
5500,3,9.0
5503,3,11.450000000000045
5504,3,6.966666666666697
551,3,8.0
5515,3,15.0
5516,3,7.0
5517,3,4.68333333333328
5519,3,10.0
552,3,8.0
5520,3,10.0
5521,3,10.0
5522,3,20.0
5523,3,20.0
5524,3,20.0
5525,3,20.0
5526,3,20.0
5527,3,8.0
5528,3,20.0
5529,3,5.266666666666765
553,3,20.0
5530,3,5.383333333333439
5531,3,14.433333333333394
5532,3,5.0
554,3,20.0
5543,3,5.0
5545,3,5.0
5547,3,20.0
5548,3,20.0
555,3,18.166666666666742
556,3,20.0
5563,3,10.0
5566,3,6.0
5568,3,7.216666666666697
5569,3,34.7833333333333
557,3,6.366666666666674
5570,3,3.816666666666606
5571,3,3.8333333333332575
5573,3,3.966666666666697
5574,3,30.0
5575,3,4.900000000000091
5578,3,5.0
558,3,6.4166666666667425
559,3,20.0
5590,3,5.0
5591,3,10.866666666666674
5597,3,3.150000000000091
5598,3,10.0
5599,3,7.0
56,3,14.916666666666515
5600,3,8.000000000000114
5601,3,8.0
5602,3,8.0
5603,3,8.0
5604,3,5.0
5605,3,3.0
5606,3,10.0
5607,3,10.0
5608,3,10.0
5609,3,10.0
5610,3,10.0
5611,3,5.0
5618,3,20.0
562,3,20.0
563,3,20.0
5633,3,20.0
5637,3,30.0
5638,3,30.0
5639,3,30.0
564,3,20.0
5640,3,30.0
5641,3,30.0
5642,3,30.0
5643,3,30.0
5644,3,7.31666666666672
5646,3,30.0
5647,3,30.0
5648,3,30.0
5649,3,30.0
565,3,20.0
5650,3,30.0
5651,3,30.0
5652,3,30.0
5653,3,30.0
5654,3,30.0
5656,3,7.866666666666674
5657,3,8.899999999999977
5658,3,19.449999999999932
5659,3,30.0
566,3,20.0
5660,3,30.0
5661,3,30.0
5662,3,30.0
5663,3,30.0
5664,3,9.88333333333344
5665,3,9.31666666666672
5666,3,9.050000000000068
5667,3,30.0
567,3,20.0
5674,3,6.133333333333326
5677,3,7.0
5678,3,7.0
5679,3,7.0
5681,3,39.0
5682,3,39.0
5683,3,3.0
5684,3,39.7833333333333
5685,3,39.59999999999991
57,3,16.800000000000182
570,3,15.0
5703,3,7.0
5704,3,5.5
5705,3,5.2999999999999545
5706,3,5.4833333333333485
5707,3,14.683333333333337
5708,3,14.616666666666674
571,3,5.0
5710,3,15.583333333333258
5711,3,6.816666666666663
5712,3,30.0
5713,3,30.0
5714,3,30.0
5715,3,30.0
5716,3,30.0
5717,3,30.0
5718,3,30.0
5719,3,30.0
572,3,15.0
5720,3,30.0
5721,3,7.5166666666666515
5722,3,6.28333333333336
5723,3,10.783333333333303
5724,3,10.616666666666674
5725,3,10.383333333333326
5726,3,4.31666666666672
5727,3,4.18333333333328
5728,3,4.566666666666606
5729,3,4.7000000000000455
573,3,20.0
5730,3,20.0
5731,3,20.0
5733,3,27.216666666666697
5736,3,60.0
5737,3,60.0
5738,3,60.0
5739,3,60.0
574,3,20.0
5740,3,60.0
5741,3,60.0
5742,3,4.9166666666667425
5743,3,5.0
5744,3,8.25
5746,3,10.0
5747,3,10.0
5748,3,5.0
5749,3,5.0
575,3,17.866666666666788
5751,3,4.0
5754,3,20.0
576,3,20.0
577,3,20.0
578,3,20.0
5786,3,30.0
5788,3,57.0
5789,3,57.0
5790,3,14.0
5791,3,59.75
5792,3,59.633333333333326
5795,3,55.566666666666606
5796,3,58.10000000000002
580,3,4.966666666666697
581,3,1.183333333333394
5810,3,30.0
5811,3,30.0
5812,3,30.0
5813,3,30.0
5816,3,11.550000000000068
5817,3,6.75
5818,3,12.666666666666742
5819,3,13.283333333333303
5820,3,12.116666666666674
5821,3,11.0
5822,3,8.466666666666697
5823,3,8.216666666666697
5824,3,8.400000000000091
5830,3,30.0
5831,3,30.0
5832,3,30.0
5835,3,5.0
5851,3,13.716666666666697
5854,3,12.0
586,3,4.599999999999909
5864,3,6.5499999999999545
5865,3,20.0
5866,3,3.0
5867,3,17.433333333333394
5868,3,17.316666666666606
587,3,1.75
5870,3,14.86666666666656
5874,3,15.0
5875,3,15.0
5876,3,15.0
5877,3,15.0
588,3,8.0
5882,3,5.0
5884,3,5.0
5889,3,11.483333333333348
589,3,8.300000000000011
5890,3,11.25
5892,3,2.3833333333333258
5899,3,7.0
590,3,8.0
5900,3,4.0
5904,3,52.0
5905,3,58.66666666666663
5924,3,20.0
593,3,30.0
5931,3,4.0
5932,3,4.0
5933,3,4.0
5934,3,4.0
5935,3,4.0
594,3,16.25
5954,3,18.23333333333335
596,3,16.066666666666606
597,3,30.0
5973,3,7.0
5977,3,5.0
598,3,20.0
5980,3,10.0
5981,3,10.000000000000057
5983,3,15.0
5984,3,15.0
5985,3,15.0
5986,3,15.0
5987,3,15.0
5988,3,15.0
5989,3,15.0
599,3,20.0
5990,3,5.0
5992,3,10.0
5993,3,10.0
5994,3,10.0
5995,3,10.0
5996,3,10.0
60,3,2.0
600,3,1.933333333333394
6005,3,2.0
6006,3,2.0
6013,3,2.7666666666666515
602,3,1.5499999999999545
6043,3,8.566666666666833
6044,3,20.0
6045,3,15.783333333333303
6046,3,11.399999999999977
6047,3,3.0
6048,3,3.683333333333394
6049,3,3.1499999999999773
6061,3,2.9166666666666288
607,3,18.716666666666697
6070,3,20.0
608,3,20.0
6080,3,15.0
6088,3,3.0
6089,3,8.0
609,3,16.283333333333303
6093,3,5.4166666666667425
6094,3,2.6333333333333258
6095,3,9.233333333333348
610,3,20.0
6103,3,10.0
6107,3,12.0
6109,3,12.0
611,3,19.0
6110,3,12.0
6111,3,12.0
6113,3,2.6666666666666288
6114,3,4.883333333333326
6115,3,10.0
6116,3,5.0
6117,3,12.0
6120,3,12.0
6121,3,13.699999999999989
6122,3,13.549999999999955
6123,3,10.0
6126,3,10.783333333333417
6128,3,10.0
6131,3,10.0
6133,3,9.116666666666674
6134,3,8.766666666666652
6135,3,8.633333333333326
6136,3,8.399999999999977
6137,3,8.200000000000045
6139,3,8.75
614,3,19.0
6140,3,1.433333333333394
6142,3,10.0
6143,3,10.0
6144,3,10.0
6145,3,10.0
6146,3,10.0
6147,3,10.0
6148,3,10.0
615,3,20.0
6150,3,3.5499999999999545
6151,3,10.0
6152,3,15.0
6153,3,43.0
6154,3,43.0
6158,3,9.61666666666656
616,3,20.0
6166,3,2.0
6168,3,11.049999999999955
617,3,9.0
6171,3,2.2666666666666515
6172,3,11.916666666666629
6178,3,9.0
618,3,16.26666666666688
6187,3,7.583333333333371
6198,3,20.0
6199,3,30.0
62,3,2.0
6200,3,30.0
6201,3,30.0
6202,3,30.0
6204,3,30.0
6205,3,0.10000000000013642
6206,3,0.2666666666666515
621,3,20.0
6212,3,10.0
6213,3,10.0
6214,3,11.333333333333258
6219,3,15.0
6220,3,15.0
6222,3,3.0
6224,3,18.0
6225,3,18.0
6226,3,18.0
6229,3,10.5
623,3,5.0
6230,3,10.649999999999977
6231,3,11.016666666666708
6232,3,4.0
6234,3,52.433333333333394
6235,3,58.5
6236,3,20.0
6237,3,20.0
6239,3,1.933333333333394
624,3,5.0
6241,3,30.0
6242,3,8.000000000000114
6244,3,2.25
6245,3,20.0
6246,3,20.0
6247,3,20.0
6249,3,1.2666666666667652
625,3,12.883333333333326
6252,3,4.083333333333485
6253,3,2.0499999999999545
6254,3,10.0
6258,3,13.0
626,3,13.233333333333348
6262,3,20.0
6263,3,20.0
6267,3,30.0
6268,3,30.0
6274,3,6.150000000000091
6275,3,3.0
6278,3,15.0
6279,3,1.75
628,3,15.0
6284,3,20.0
6286,3,1.3333333333333712
6288,3,1.5
629,3,20.0
6291,3,5.0
6292,3,6.2666666666666515
6299,3,8.0
63,3,16.98333333333335
6300,3,10.0
6302,3,10.0
6319,3,16.0
6320,3,30.0
6321,3,9.133333333333383
6322,3,10.0
6323,3,30.0
6325,3,43.43333333333328
6326,3,9.266666666666652
6328,3,15.0
6330,3,10.0
6331,3,10.0
6332,3,3.9500000000000455
6333,3,15.0
6334,3,15.0
6338,3,30.0
6339,3,30.0
6340,3,30.0
6341,3,19.30000000000001
6343,3,8.850000000000023
6344,3,8.700000000000045
6345,3,30.0
6346,3,30.0
6347,3,9.216666666666697
6348,3,2.25
6349,3,8.43333333333328
635,3,1.5833333333332575
6350,3,10.0
6352,3,9.999999999999943
6353,3,10.0
636,3,20.0
6376,3,20.0
6378,3,2.166666666666515
6384,3,30.0
639,3,3.150000000000091
6391,3,30.0
6392,3,30.0
6394,3,30.0
6395,3,30.0
6396,3,30.0
6401,3,1.466666666666697
6403,3,1.6166666666666742
6405,3,12.0
6406,3,12.0
6407,3,12.0
6413,3,2.0
6414,3,12.0
6415,3,5.0
6417,3,24.0
6418,3,9.833333333333314
6419,3,10.0
642,3,1.7666666666666515
6420,3,5.0
6421,3,5.000000000000114
643,3,2.283333333333303
6433,3,20.0
6434,3,20.0
6435,3,2.0
6436,3,6.7666666666666515
6437,3,1.0
6438,3,2.5833333333333712
6439,3,5.0
644,3,43.0
6442,3,5.0
6443,3,5.899999999999977
645,3,43.0
6451,3,5.0
6454,3,52.0
6455,3,2.5666666666668334
6460,3,60.0
6461,3,30.0
6462,3,30.0
6466,3,15.0
6467,3,15.0
6468,3,15.0
6469,3,4.150000000000091
647,3,5.0
6475,3,60.0
6477,3,60.0
648,3,2.0
6485,3,10.0
6488,3,5.0
6489,3,6.0
649,3,1.9333333333332803
6491,3,10.100000000000023
6492,3,10.06666666666672
6493,3,11.0
6494,3,8.5
6495,3,10.299999999999955
6496,3,8.0
650,3,2.0
6506,3,5.0
6507,3,5.0
6508,3,2.183333333333394
6510,3,5.949999999999989
6511,3,5.783333333333303
6512,3,30.0
6513,3,16.0
6514,3,20.0
6515,3,20.0
652,3,2.0
6523,3,13.149999999999977
6527,3,10.0
6528,3,4.183333333333394
6529,3,2.0
6534,3,5.0
6535,3,15.0
6536,3,15.0
6538,3,10.0
6539,3,10.0
654,3,1.183333333333394
6540,3,10.0
6541,3,15.0
6542,3,15.0
6543,3,15.0
6544,3,15.0
655,3,1.4500000000000455
6551,3,17.0
6552,3,2.283333333333303
6555,3,13.0
6556,3,5.0
6558,3,15.0
6559,3,15.0
6560,3,12.0
6561,3,10.866666666666674
6564,3,4.633333333333326
6592,3,23.0
6599,3,2.433333333333394
660,3,1.1999999999999318
6600,3,5.0499999999999545
661,3,1.3999999999999773
666,3,15.0
668,3,6.349999999999909
669,3,6.0166666666666515
6712,3,9.0
6713,3,30.0
6714,3,30.0
6715,3,30.0
6716,3,30.0
6717,3,1.4666666666665833
6718,3,1.283333333333303
6719,3,10.0
672,3,5.0
673,3,5.0
6740,3,15.133333333333326
6741,3,7.0
6747,3,5.5
6748,3,5.866666666666674
6749,3,5.449999999999818
6750,3,1.8333333333333712
6752,3,3.0
6754,3,45.25
6755,3,55.41666666666663
6757,3,2.0500000000000114
6758,3,3.0
6759,3,3.0
6760,3,14.999999999999943
6763,3,3.3999999999999773
677,3,1.4500000000000455
678,3,1.9166666666666288
6787,3,1.6000000000000227
6788,3,1.4166666666666288
679,3,20.0
6790,3,45.0
6791,3,42.81666666666672
6792,3,44.94999999999999
6793,3,44.94999999999999
6794,3,2.5833333333333712
6795,3,5.0
6796,3,2.8500000000001364
6797,3,15.0
6798,3,4.0
6805,3,2.0
6806,3,10.0
6808,3,5.9833333333333485
6809,3,15.0
681,3,20.0
6810,3,15.0
6817,3,30.0
682,3,11.5
6823,3,19.700000000000045
6824,3,13.316666666666606
6826,3,3.0
6827,3,3.0
6828,3,17.76666666666665
6833,3,30.0
6836,3,6.0
6837,3,5.0
6838,3,5.0
6839,3,30.0
684,3,1.7000000000000455
6840,3,30.0
6841,3,30.0
6842,3,30.0
6843,3,4.066666666666606
6844,3,7.0
6845,3,13.833333333333258
6846,3,8.0
685,3,1.9333333333332803
6854,3,11.650000000000091
6856,3,5.0
6858,3,4.216666666666697
6860,3,5.0
6862,3,5.0
6864,3,9.850000000000023
6867,3,2.0
687,3,1.9833333333333485
6870,3,5.0
6874,3,5.0
6875,3,44.98333333333329
6881,3,10.0
6882,3,5.0
6883,3,1.5499999999999545
6885,3,2.9666666666665833
6886,3,0.466666666666697
6888,3,11.0
6889,3,9.483333333333348
689,3,1.933333333333394
6890,3,9.083333333333258
6891,3,5.0
6892,3,3.0
6893,3,9.0
6894,3,3.0833333333333712
6895,3,10.0
6896,3,10.0
6897,3,10.0
6898,3,5.0
69,3,5.0
690,3,4.5
6900,3,2.0833333333333712
6901,3,45.0
6902,3,20.0
6903,3,45.0
6904,3,3.3500000000000227
6905,3,5.0
6906,3,5.0
6909,3,4.5499999999999545
691,3,20.0
6918,3,10.0
6919,3,10.0
6921,3,10.200000000000045
6922,3,10.316666666666606
6923,3,12.0
6925,3,20.0
6926,3,10.0
6927,3,5.0
6928,3,5.0
6929,3,5.0
6930,3,5.0
6931,3,5.0
6932,3,5.0
6933,3,5.0
6937,3,14.449999999999932
6939,3,4.0
6940,3,1.933333333333394
6941,3,9.583333333333258
6942,3,10.0
6943,3,52.0
6944,3,52.0
6945,3,51.86666666666656
6947,3,7.4500000000000455
6948,3,6.316666666666606
695,3,20.0
6955,3,20.0
6956,3,23.73333333333329
6963,3,20.0
6964,3,20.0
6965,3,8.0
6966,3,11.533333333333303
6967,3,1.7000000000000455
6968,3,6.333333333333371
6971,3,57.0
6972,3,5.0
6974,3,30.0
6978,3,10.0
6979,3,20.0
6981,3,45.0
6982,3,45.10000000000002
6985,3,2.1499999999998636
6990,3,58.83333333333337
70,3,5.0
7001,3,5.0
7002,3,5.0
7003,3,5.0
7004,3,5.0
701,3,6.4166666666667425
7012,3,20.0
7014,3,8.0
7025,3,3.2000000000000455
7028,3,4.149999999999977
7029,3,7.25
703,3,9.583333333333485
7030,3,7.466666666666697
7031,3,5.033333333333303
7032,3,3.3833333333333258
7036,3,2.0
7037,3,20.0
7038,3,10.216666666666697
7039,3,9.599999999999909
704,3,5.2000000000000455
7040,3,17.11666666666656
7043,3,43.0
7044,3,9.0
7045,3,4.933333333333394
7046,3,2.9333333333332803
7047,3,57.0
7048,3,59.19999999999999
7049,3,59.33333333333326
705,3,3.25
7050,3,59.01666666666665
7051,3,3.0
7053,3,13.799999999999955
7054,3,13.699999999999932
7055,3,13.216666666666697
706,3,11.966666666666697
7060,3,10.0
7061,3,7.18333333333328
7062,3,42.0
7063,3,44.66666666666674
7064,3,46.2166666666667
7065,3,47.66666666666674
7066,3,48.51666666666688
7067,3,12.0
7068,3,8.31666666666672
7069,3,8.483333333333348
7070,3,2.6333333333333258
7071,3,10.0
7072,3,10.0
7073,3,10.0
7074,3,10.149999999999977
7075,3,10.416666666666686
7076,3,10.649999999999977
7077,3,10.850000000000023
7078,3,14.950000000000045
708,3,1.8999999999999773
7083,3,1.9333333333332803
7084,3,8.75
7087,3,4.366666666666674
7088,3,4.300000000000068
7089,3,5.999999999999886
709,3,5.7333333333333485
7090,3,5.5499999999999545
710,3,18.48333333333335
711,3,20.0
7111,3,5.0
7112,3,5.0
7113,3,5.116666666666674
7114,3,3.633333333333212
7117,3,15.0
7119,3,12.516666666666652
712,3,20.0
7127,3,10.0
7128,3,20.0
713,3,20.0
7130,3,20.0
7132,3,20.0
7133,3,20.0
7137,3,12.0
7138,3,4.133333333333439
7141,3,5.249999999999943
7143,3,4.0
7144,3,4.0
7147,3,10.733333333333121
7149,3,17.59999999999991
7150,3,30.0
7157,3,45.0
7158,3,45.0
7159,3,4.5
7161,3,13.049999999999955
7165,3,20.0
7169,3,20.0
7170,3,17.41666666666663
7171,3,17.433333333333167
7172,3,39.383333333333326
7173,3,39.0
7175,3,17.816666666666606
7176,3,15.0
7177,3,5.0
722,3,10.0
723,3,10.0
724,3,2.3666666666666742
725,3,1.9166666666667425
726,3,5.0
727,3,10.0
7279,3,38.0
7281,3,38.0
7282,3,38.0
7283,3,38.0
7284,3,38.0
7285,3,38.0
7286,3,20.0
7287,3,10.0
7288,3,9.966666666666697
7289,3,9.849999999999909
7290,3,20.0
7291,3,20.0
7293,3,20.0
7294,3,20.0
7295,3,20.0
7297,3,17.166666666666686
7298,3,17.25
7299,3,17.350000000000023
730,3,2.949999999999932
7300,3,17.383333333333326
7301,3,17.48333333333335
7302,3,17.549999999999955
7303,3,19.0
7304,3,19.0
7305,3,19.0
7306,3,19.0
7307,3,19.0
7308,3,19.0
7309,3,19.0
731,3,2.816666666666606
732,3,4.9166666666667425
733,3,5.0
734,3,2.3500000000000227
735,3,2.3333333333333712
736,3,3.3666666666666742
738,3,1.4166666666667425
741,3,20.0
747,3,3.7999999999999545
748,3,2.0
749,3,10.0
75,3,8.666666666666742
750,3,5.0
751,3,2.8166666666667197
752,3,2.699999999999818
754,3,3.466666666666697
755,3,1.8166666666667197
756,3,1.8333333333333712
757,3,2.0
7576,3,17.116666666666674
758,3,1.2333333333333485
7583,3,5.283333333333303
7584,3,5.416666666666515
759,3,1.2666666666666515
760,3,1.366666666666788
761,3,1.6000000000000227
77,3,8.583333333333371
773,3,2.283333333333303
774,3,2.1333333333334394
7855,3,0.6166666666665606
7856,3,1.816666666666606
7857,3,1.666666666666515
7858,3,2.716666666666697
7860,3,20.0
7861,3,20.0
7862,3,20.0
7864,3,2.0
7865,3,10.0
7866,3,10.0
7867,3,10.0
7868,3,10.0
7869,3,7.583333333333371
7870,3,7.766666666666765
7871,3,6.0
7872,3,5.266666666666765
7875,3,1.8333333333332575
7884,3,10.799999999999955
7885,3,10.0
7886,3,10.516666666666652
7888,3,2.0
7889,3,2.0166666666666515
7890,3,2.566666666666663
7891,3,30.0
7893,3,3.0
7896,3,20.0
7897,3,20.0
7900,3,15.183333333333167
7901,3,56.666666666666515
7904,3,20.0
7910,3,20.0
7919,3,30.0
7920,3,15.166666666666629
7925,3,20.0
7933,3,2.6333333333333258
7934,3,10.0
7935,3,10.0
7937,3,9.450000000000045
7938,3,9.399999999999977
7939,3,5.0
7940,3,10.0
7942,3,2.683333333333394
7943,3,7.116666666666674
7944,3,11.616666666666674
7945,3,20.0
7958,3,5.0
7961,3,20.0
7963,3,20.0
7964,3,20.0
7971,3,4.0
7972,3,4.0
7973,3,15.0
7974,3,15.0
7975,3,15.0
7976,3,43.0
799,3,20.0
7992,3,11.733333333333348
7993,3,11.766666666666652
7994,3,15.316666666666606
7995,3,15.549999999999955
7996,3,20.0
7999,3,10.0
8,3,20.0
800,3,5.783333333333303
8003,3,30.0
8004,3,30.0
8005,3,11.399999999999864
8010,3,6.0
8011,3,17.88333333333344
8012,3,20.0
8013,3,20.0
8014,3,20.0
8016,3,20.0
8018,3,8.549999999999955
8019,3,8.916666666666629
8020,3,5.0
8024,3,60.0
8028,3,5.0
8029,3,3.3500000000000227
8030,3,5.0
8031,3,14.71666666666647
8032,3,2.6166666666666742
8033,3,15.0
8034,3,15.75
8037,3,10.0
8038,3,6.650000000000091
8039,3,7.0
8040,3,6.416666666666629
8041,3,7.0
8042,3,6.100000000000136
8043,3,4.399999999999977
8044,3,3.0
8046,3,5.133333333333439
8047,3,4.100000000000023
8048,3,20.0
8049,3,20.0
806,3,3.2333333333333485
807,3,20.0
8088,3,1.2166666666664696
8089,3,15.0
8090,3,15.0
8091,3,10.0
811,3,17.450000000000045
8129,3,8.0
8130,3,8.466666666666697
821,3,1.183333333333394
822,3,1.0500000000000682
823,3,0.9833333333333485
8232,3,11.0
8233,3,43.0
8237,3,1.150000000000091
8238,3,15.0
8239,3,15.0
8240,3,9.0
8241,3,2.0
8242,3,1.533333333333303
8244,3,4.0
8248,3,5.716666666666697
8249,3,20.0
8250,3,25.0
8251,3,25.0
8252,3,25.0
8253,3,25.0
8254,3,25.0
8259,3,25.0
8260,3,25.0
8261,3,25.0
8262,3,25.0
8263,3,0.36666666666667425
8264,3,0.18333333333339397
8265,3,25.0
8266,3,25.0
8267,3,25.0
8268,3,25.0
8269,3,25.0
827,3,20.0
8270,3,25.0
8271,3,25.0
8272,3,25.0
8273,3,25.0
8274,3,25.0
8275,3,25.0
8276,3,25.0
8277,3,25.0
8278,3,25.0
8279,3,25.0
828,3,20.0
8280,3,25.0
8281,3,25.0
8282,3,25.0
8283,3,25.0
829,3,20.0
8294,3,20.0
83,3,0.9500000000000455
830,3,20.0
8311,3,4.0
8312,3,2.0
8313,3,1.849999999999909
833,3,16.25
8333,3,20.0
8334,3,20.0
834,3,20.0
8344,3,59.48333333333335
8346,3,11.316666666666606
8347,3,58.26666666666665
8348,3,52.0
8359,3,1.2666666666666515
836,3,15.299999999999955
8360,3,1.0
8368,3,30.0
8369,3,5.0
839,3,20.0
840,3,20.0
842,3,20.0
845,3,20.0
846,3,20.0
850,3,20.0
852,3,20.0
854,3,10.0
855,3,2.550000000000068
857,3,2.0
86,3,7.0
860,3,1.6000000000000227
861,3,6.0
862,3,20.0
864,3,4.0
867,3,20.0
868,3,20.0
869,3,20.0
870,3,20.0
872,3,2.0
873,3,2.0
874,3,7.0
875,3,20.0
876,3,20.0
877,3,20.0
88,3,20.0
882,3,4.116666666666674
884,3,6.566666666666606
889,3,20.0
89,3,20.0
890,3,15.0
896,3,30.0
898,3,20.0
9,3,30.0
900,3,45.0
901,3,20.0
911,3,15.0
912,3,1.7833333333334167
913,3,10.0
915,3,1.966666666666697
916,3,15.0
918,3,20.0
919,3,20.0
92,3,20.0
921,3,13.066666666666606
923,3,20.0
925,3,0.8000000000000682
931,3,20.0
932,3,15.0
941,3,20.0
942,3,20.0
945,3,20.0
948,3,20.0
950,3,4.116666666666674
953,3,2.516666666666765
954,3,20.0
955,3,20.0
956,3,20.0
957,3,20.0
958,3,20.0
959,3,20.0
960,3,20.0
961,3,20.0
964,3,20.0
965,3,20.0
966,3,20.0
967,3,20.0
968,3,20.0
972,3,20.0
973,3,20.0
974,3,20.0
975,3,20.0
976,3,20.0
977,3,43.0
98,3,20.0
980,3,20.0
989,3,42.90000000000009
99,3,6.600000000000136
991,3,43.683333333333394
996,3,18.0